 3.37260000e+04 7.08333333e-01 2.00000000e+00 1.20000000e+01 9.70000000e+01 2.00000000e+00
 3.37260000e+04 7.94583333e-01 2.00000000e+00 1.32000000e+02 9.80000000e+01 2.00000000e+00
 3.37270000e+04 1.52000000e+00 3.00000000e+00 8.00000000e+00 9.80000000e+01 2.00000000e+00
 3.37280000e+04 2.04166667e+00 9.00000000e+00 1.32000000e+02 9.60000000e+01 2.00000000e+00
 3.37280000e+04 2.46125000e+00 9.00000000e+00 9.00000000e+00 9.70000000e+01 2.00000000e+00
 3.37280000e+04 2.59375000e+00 9.00000000e+00 1.20000000e+01 9.80000000e+01 2.00000000e+00
 3.37280000e+04 2.60083333e+00 9.00000000e+00 2.00000000e+00 9.80000000e+01 2.00000000e+00
 3.37280000e+04 2.63625000e+00 9.00000000e+00 3.00000000e+00 9.70000000e+01 2.00000000e+00
 3.37280000e+04 2.87500000e+00 9.00000000e+00 9.00000000e+00 9.01000000e+02 2.00000000e+00
 3.37290000e+04 3.54791667e+00 1.00000000e+01 3.00000000e+00 9.10000000e+01 2.00000000e+00
 3.37290000e+04 3.61250000e+00 1.00000000e+01 8.00000000e+00 9.80000000e+01 2.00000000e+00
 3.37290000e+04 3.65291667e+00 1.00000000e+01 8.00000000e+00 9.10000000e+01 2.00000000e+00
 3.37300000e+04 4.33125000e+00 2.20000000e+01 1.20000000e+01 9.70000000e+01 2.00000000e+00
 3.37300000e+04 4.50708333e+00 2.20000000e+01 8.00000000e+00 9.80000000e+01 2.00000000e+00
 3.37300000e+04 4.57916667e+00 2.20000000e+01 8.00000000e+00 9.70000000e+01 2.00000000e+00
 3.37300000e+04 4.59041667e+00 2.20000000e+01 1.20000000e+01 9.40000000e+01 2.00000000e+00
 3.37300000e+04 4.64500000e+00 2.20000000e+01 2.00000000e+00 9.30000000e+01 2.00000000e+00
 3.37300000e+04 4.65291667e+00 2.20000000e+01 9.00000000e+00 9.01000000e+02 2.00000000e+00
 3.37300000e+04 4.65750000e+00 2.20000000e+01 1.20000000e+01 9.30000000e+01 2.00000000e+00
 3.37300000e+04 4.72833333e+00 2.20000000e+01 2.00000000e+00 9.01000000e+02 2.00000000e+00
 3.37300000e+04 4.75208333e+00 2.20000000e+01 9.00000000e+00 9.70000000e+01 2.00000000e+00
 3.37300000e+04 4.79791667e+00 2.20000000e+01 1.20000000e+01 9.10000000e+01 2.00000000e+00
 3.37300000e+04 4.80500000e+00 2.20000000e+01 2.00000000e+00 9.40000000e+01 2.00000000e+00
 3.37300000e+04 4.89500000e+00 2.20000000e+01 1.20000000e+01 9.60000000e+01 2.00000000e+00
 3.37300000e+04 4.99250000e+00 2.20000000e+01 8.00000000e+00 9.80000000e+01 2.00000000e+00
 3.37310000e+04 5.43416667e+00 2.70000000e+01 1.20000000e+01 9.80000000e+01 2.00000000e+00
 3.37310000e+04 5.44500000e+00 2.70000000e+01 8.00000000e+00 9.70000000e+01 2.00000000e+00
 3.37310000e+04 5.49791667e+00 2.70000000e+01 1.20000000e+01 9.10000000e+01 2.00000000e+00
 3.37310000e+04 5.55208333e+00 2.70000000e+01 1.20000000e+01 9.30000000e+01 2.00000000e+00
 3.37310000e+04 5.58458333e+00 2.70000000e+01 8.00000000e+00 9.80000000e+01 2.00000000e+00
 3.37310000e+04 5.64500000e+00 2.70000000e+01 8.00000000e+00 9.80000000e+01 2.00000000e+00
 3.37310000e+04 5.67000000e+00 2.70000000e+01 1.20000000e+01 9.10000000e+01 2.00000000e+00
 3.37310000e+04 5.68000000e+00 2.70000000e+01 1.20000000e+01 9.80000000e+01 2.00000000e+00
 3.37310000e+04 5.70125000e+00 2.70000000e+01 9.00000000e+00 9.01000000e+02 2.00000000e+00
 3.37310000e+04 5.77083333e+00 2.70000000e+01 9.00000000e+00 9.60000000e+01 2.00000000e+00
 3.37310000e+04 5.82291667e+00 2.70000000e+01 8.00000000e+00 9.80000000e+01 2.00000000e+00
 3.37320000e+04 6.37166667e+00 3.30000000e+01 8.00000000e+00 9.30000000e+01 2.00000000e+00
 3.37320000e+04 6.60416667e+00 3.30000000e+01 1.32000000e+02 9.80000000e+01 2.00000000e+00
 3.37320000e+04 6.61166667e+00 3.30000000e+01 1.20000000e+01 9.70000000e+01 2.00000000e+00
 3.37320000e+04 6.61458333e+00 3.30000000e+01 2.00000000e+00 9.70000000e+01 2.00000000e+00
 3.37320000e+04 6.62166667e+00 3.30000000e+01 8.00000000e+00 9.80000000e+01 2.00000000e+00
 3.37320000e+04 6.62833333e+00 3.30000000e+01 1.20000000e+01 9.80000000e+01 2.00000000e+00
 3.37320000e+04 6.64375000e+00 3.30000000e+01 1.20000000e+01 9.80000000e+01 2.00000000e+00
 3.37320000e+04 6.64875000e+00 3.30000000e+01 9.00000000e+00 9.10000000e+01 2.00000000e+00
 3.37320000e+04 6.65750000e+00 3.30000000e+01 1.20000000e+01 9.80000000e+01 2.00000000e+00
 3.37330000e+04 7.56250000e+00 2.60000000e+01 2.00000000e+00 9.70000000e+01 2.00000000e+00
 3.37330000e+04 7.58958333e+00 2.60000000e+01 9.00000000e+00 9.60000000e+01 2.00000000e+00
 3.37330000e+04 7.61958333e+00 2.60000000e+01 8.00000000e+00 9.80000000e+01 2.00000000e+00
 3.37330000e+04 7.66791667e+00 2.60000000e+01 3.00000000e+00 9.70000000e+01 2.00000000e+00
 3.37330000e+04 7.68750000e+00 2.60000000e+01 9.00000000e+00 9.60000000e+01 2.00000000e+00
 3.37330000e+04 7.71125000e+00 2.60000000e+01 2.00000000e+00 9.10000000e+01 2.00000000e+00
 3.37340000e+04 8.52791667e+00 2.70000000e+01 9.00000000e+00 9.70000000e+01 2.00000000e+00
 3.37340000e+04 8.55000000e+00 2.70000000e+01 9.00000000e+00 9.60000000e+01 2.00000000e+00
 3.37340000e+04 8.56250000e+00 2.70000000e+01 9.00000000e+00 9.60000000e+01 2.00000000e+00
 3.37340000e+04 8.60500000e+00 2.70000000e+01 1.20000000e+01 9.10000000e+01 2.00000000e+00
 3.37340000e+04 8.63416667e+00 2.70000000e+01 3.00000000e+00 9.01000000e+02 2.00000000e+00
 3.37340000e+04 8.64708333e+00 2.70000000e+01 3.00000000e+00 9.70000000e+01 2.00000000e+00
 3.37340000e+04 8.68750000e+00 2.70000000e+01 1.32000000e+02 9.30000000e+01 2.00000000e+00
 3.37340000e+04 8.68750000e+00 2.70000000e+01 9.00000000e+00 9.50000000e+01 2.00000000e+00
 3.37340000e+04 8.74250000e+00 2.70000000e+01 1.20000000e+01 9.60000000e+01 2.00000000e+00
 3.37340000e+04 8.75708333e+00 2.70000000e+01 1.20000000e+01 9.30000000e+01 2.00000000e+00
 3.37340000e+04 8.82625000e+00 2.70000000e+01 9.00000000e+00 9.60000000e+01 2.00000000e+00
 3.37340000e+04 8.83250000e+00 2.70000000e+01 1.20000000e+01 9.40000000e+01 2.00000000e+00
 3.37350000e+04 9.38208333e+00 2.40000000e+01 3.00000000e+00 9.80000000e+01 2.00000000e+00
 3.37350000e+04 9.44458333e+00 2.40000000e+01 1.31000000e+02 9.80000000e+01 2.00000000e+00
 3.37350000e+04 9.57916667e+00 2.40000000e+01 1.20000000e+01 9.80000000e+01 2.00000000e+00
 3.37350000e+04 9.71541667e+00 2.40000000e+01 9.00000000e+00 9.80000000e+01 2.00000000e+00
 3.37350000e+04 9.72583333e+00 2.40000000e+01 1.32000000e+02 9.70000000e+01 2.00000000e+00
 3.37350000e+04 9.79708333e+00 2.40000000e+01 1.20000000e+01 9.80000000e+01 2.00000000e+00
 3.37360000e+04 1.04966667e+01 2.50000000e+01 1.20000000e+01 9.80000000e+01 2.00000000e+00
 3.37360000e+04 1.06762500e+01 2.50000000e+01 1.20000000e+01 9.30000000e+01 2.00000000e+00
 3.37360000e+04 1.07200000e+01 2.50000000e+01 1.20000000e+01 9.70000000e+01 2.00000000e+00
 3.37360000e+04 1.07216667e+01 2.50000000e+01 1.32000000e+02 9.80000000e+01 2.00000000e+00
 3.37360000e+04 1.07291667e+01 2.50000000e+01 8.00000000e+00 9.80000000e+01 2.00000000e+00
 3.37360000e+04 1.07845833e+01 2.50000000e+01 8.00000000e+00 9.70000000e+01 2.00000000e+00
 3.37360000e+04 1.08333333e+01 2.50000000e+01 3.00000000e+00 9.80000000e+01 2.00000000e+00
 3.37370000e+04 1.16520833e+01 1.50000000e+01 8.00000000e+00 9.80000000e+01 2.00000000e+00
 3.37370000e+04 1.16529167e+01 1.50000000e+01 3.00000000e+00 9.30000000e+01 2.00000000e+00
 3.37380000e+04 1.25658333e+01 1.30000000e+01 9.00000000e+00 9.01000000e+02 2.00000000e+00
 3.37380000e+04 1.26033333e+01 1.30000000e+01 1.32000000e+02 9.80000000e+01 1.00000000e+00
 3.37380000e+04 1.26562500e+01 1.30000000e+01 1.20000000e+01 9.30000000e+01 2.00000000e+00
 3.37380000e+04 1.28862500e+01 1.30000000e+01 2.00000000e+00 9.80000000e+01 2.00000000e+00
 3.37390000e+04 1.35937500e+01 9.00000000e+00 3.00000000e+00 9.80000000e+01 2.00000000e+00
 3.37390000e+04 1.36487500e+01 9.00000000e+00 9.00000000e+00 9.80000000e+01 2.00000000e+00
 3.37390000e+04 1.37154167e+01 9.00000000e+00 1.20000000e+01 9.80000000e+01 2.00000000e+00
 3.37400000e+04 1.46116667e+01 1.30000000e+01 8.00000000e+00 9.80000000e+01 2.00000000e+00
 3.37400000e+04 1.46458333e+01 1.30000000e+01 1.20000000e+01 9.60000000e+01 2.00000000e+00
 3.37400000e+04 1.46491667e+01 1.30000000e+01 1.20000000e+01 9.80000000e+01 2.00000000e+00
 3.37400000e+04 1.46562500e+01 1.30000000e+01 8.00000000e+00 9.60000000e+01 2.00000000e+00
 3.37400000e+04 1.47012500e+01 1.30000000e+01 8.00000000e+00 9.60000000e+01 2.00000000e+00
 3.37400000e+04 1.47325000e+01 1.30000000e+01 8.00000000e+00 9.80000000e+01 2.00000000e+00
 3.37410000e+04 1.56137500e+01 1.20000000e+01 1.32000000e+02 9.80000000e+01 2.00000000e+00
 3.37410000e+04 1.56500000e+01 1.20000000e+01 1.32000000e+02 9.80000000e+01 1.00000000e+00
 3.37410000e+04 1.59404167e+01 1.20000000e+01 8.00000000e+00 9.80000000e+01 1.00000000e+00
 3.37420000e+04 1.67533333e+01 1.00000000e+01 8.00000000e+00 9.80000000e+01 1.00000000e+00
 3.37430000e+04 1.75166667e+01 1.20000000e+01 9.00000000e+00 9.10000000e+01 2.00000000e+00
 3.37430000e+04 1.75791667e+01 1.20000000e+01 2.00000000e+00 9.40000000e+01 2.00000000e+00
 3.37430000e+04 1.76041667e+01 1.20000000e+01 8.00000000e+00 9.80000000e+01 2.00000000e+00
 3.37430000e+04 1.76450000e+01 1.20000000e+01 8.00000000e+00 9.80000000e+01 1.00000000e+00
 3.37430000e+04 1.77195833e+01 1.20000000e+01 8.00000000e+00 9.80000000e+01 1.00000000e+00
 3.37430000e+04 1.77575000e+01 1.20000000e+01 2.00000000e+00 9.80000000e+01 2.00000000e+00
 3.37430000e+04 1.78195833e+01 1.20000000e+01 9.00000000e+00 9.40000000e+01 2.00000000e+00
 3.37430000e+04 1.78470833e+01 1.20000000e+01 3.00000000e+00 9.02000000e+02 1.00000000e+00
 3.37440000e+04 1.83291667e+01 1.60000000e+01 9.00000000e+00 9.40000000e+01 2.00000000e+00
 3.37440000e+04 1.84383333e+01 1.60000000e+01 1.20000000e+01 9.80000000e+01 2.00000000e+00
 3.37440000e+04 1.85000000e+01 1.60000000e+01 1.32000000e+02 9.80000000e+01 2.00000000e+00
 3.37440000e+04 1.86366667e+01 1.60000000e+01 9.00000000e+00 9.70000000e+01 2.00000000e+00
 3.37440000e+04 1.86970833e+01 1.60000000e+01 1.20000000e+01 9.80000000e+01 2.00000000e+00
 3.37440000e+04 1.86970833e+01 1.60000000e+01 8.00000000e+00 9.80000000e+01 2.00000000e+00
 3.37440000e+04 1.88333333e+01 1.60000000e+01 1.20000000e+01 9.60000000e+01 2.00000000e+00
 3.37450000e+04 1.95029167e+01 2.20000000e+01 9.00000000e+00 9.60000000e+01 2.00000000e+00
 3.37450000e+04 1.95137500e+01 2.20000000e+01 1.20000000e+01 9.30000000e+01 2.00000000e+00
 3.37450000e+04 1.95200000e+01 2.20000000e+01 3.00000000e+00 9.70000000e+01 2.00000000e+00
 3.37450000e+04 1.97012500e+01 2.20000000e+01 2.00000000e+00 8.90000000e+01 1.00000000e+00
 3.37450000e+04 1.97325000e+01 2.20000000e+01 1.20000000e+01 9.40000000e+01 2.00000000e+00
 3.37450000e+04 1.97520833e+01 2.20000000e+01 1.20000000e+01 9.01000000e+02 2.00000000e+00
 3.37450000e+04 1.98262500e+01 2.20000000e+01 8.00000000e+00 9.60000000e+01 2.00000000e+00
 3.37460000e+04 2.00825000e+01 2.50000000e+01 1.20000000e+01 9.80000000e+01 2.00000000e+00
 3.37460000e+04 2.04783333e+01 2.50000000e+01 3.00000000e+00 9.70000000e+01 2.00000000e+00
 3.37460000e+04 2.06033333e+01 2.50000000e+01 1.20000000e+01 9.80000000e+01 2.00000000e+00
 3.37460000e+04 2.06250000e+01 2.50000000e+01 1.20000000e+01 9.80000000e+01 2.00000000e+00
 3.37460000e+04 2.06354167e+01 2.50000000e+01 3.00000000e+00 9.70000000e+01 2.00000000e+00
 3.37460000e+04 2.06700000e+01 2.50000000e+01 1.20000000e+01 9.80000000e+01 2.00000000e+00
 3.37460000e+04 2.06800000e+01 2.50000000e+01 8.00000000e+00 9.80000000e+01 2.00000000e+00
 3.37460000e+04 2.06800000e+01 2.50000000e+01 3.00000000e+00 9.80000000e+01 2.00000000e+00
 3.37460000e+04 2.06875000e+01 2.50000000e+01 1.32000000e+02 9.70000000e+01 2.00000000e+00
 3.37460000e+04 2.07533333e+01 2.50000000e+01 8.00000000e+00 9.80000000e+01 2.00000000e+00
 3.37460000e+04 2.08133333e+01 2.50000000e+01 1.20000000e+01 9.80000000e+01 2.00000000e+00
 3.37470000e+04 2.14479167e+01 2.10000000e+01 1.32000000e+02 9.80000000e+01 2.00000000e+00
 3.37470000e+04 2.17112500e+01 2.10000000e+01 8.00000000e+00 9.80000000e+01 2.00000000e+00
 3.37470000e+04 2.17845833e+01 2.10000000e+01 3.00000000e+00 9.80000000e+01 2.00000000e+00
 3.37490000e+04 2.35425000e+01 9.00000000e+00 9.00000000e+00 9.80000000e+01 2.00000000e+00
 3.37490000e+04 2.35762500e+01 9.00000000e+00 8.00000000e+00 9.70000000e+01 2.00000000e+00
 3.37490000e+04 2.36216667e+01 9.00000000e+00 1.32000000e+02 9.80000000e+01 2.00000000e+00
 3.37490000e+04 2.36770833e+01 9.00000000e+00 8.00000000e+00 9.70000000e+01 2.00000000e+00
 3.37490000e+04 2.36979167e+01 9.00000000e+00 3.00000000e+00 9.01000000e+02 2.00000000e+00
 3.37490000e+04 2.37437500e+01 9.00000000e+00 1.20000000e+01 9.40000000e+01 2.00000000e+00
 3.37500000e+04 2.44283333e+01 1.10000000e+01 8.00000000e+00 9.60000000e+01 1.00000000e+00
 3.37500000e+04 2.45862500e+01 1.10000000e+01 1.32000000e+02 9.10000000e+01 2.00000000e+00
 3.37500000e+04 2.46095833e+01 1.10000000e+01 1.32000000e+02 9.80000000e+01 2.00000000e+00
 3.37500000e+04 2.47354167e+01 1.10000000e+01 2.00000000e+00 9.80000000e+01 2.00000000e+00
 3.37500000e+04 2.48750000e+01 1.10000000e+01 1.20000000e+01 9.60000000e+01 2.00000000e+00
 3.37510000e+04 2.54887500e+01 1.90000000e+01 1.20000000e+01 9.10000000e+01 2.00000000e+00
 3.37510000e+04 2.55104167e+01 1.90000000e+01 8.00000000e+00 9.80000000e+01 2.00000000e+00
 3.37510000e+04 2.55137500e+01 1.90000000e+01 9.00000000e+00 9.70000000e+01 2.00000000e+00
 3.37510000e+04 2.56104167e+01 1.90000000e+01 8.00000000e+00 9.80000000e+01 2.00000000e+00
 3.37510000e+04 2.56179167e+01 1.90000000e+01 1.32000000e+02 9.80000000e+01 2.00000000e+00
 3.37510000e+04 2.56416667e+01 1.90000000e+01 9.00000000e+00 9.80000000e+01 2.00000000e+00
 3.37510000e+04 2.56762500e+01 1.90000000e+01 3.00000000e+00 9.01000000e+02 2.00000000e+00
 3.37510000e+04 2.56979167e+01 1.90000000e+01 1.32000000e+02 9.80000000e+01 2.00000000e+00
 3.37520000e+04 2.64533333e+01 2.50000000e+01 1.20000000e+01 9.80000000e+01 2.00000000e+00
 3.37520000e+04 2.64854167e+01 2.50000000e+01 1.20000000e+01 9.30000000e+01 2.00000000e+00
 3.37520000e+04 2.65416667e+01 2.50000000e+01 8.00000000e+00 9.10000000e+01 2.00000000e+00
 3.37520000e+04 2.66012500e+01 2.50000000e+01 1.20000000e+01 9.80000000e+01 2.00000000e+00
 3.37520000e+04 2.66137500e+01 2.50000000e+01 9.00000000e+00 9.70000000e+01 2.00000000e+00
 3.37520000e+04 2.66354167e+01 2.50000000e+01 9.00000000e+00 9.60000000e+01 2.00000000e+00
 3.37520000e+04 2.66387500e+01 2.50000000e+01 2.00000000e+00 9.80000000e+01 2.00000000e+00
 3.37520000e+04 2.66658333e+01 2.50000000e+01 1.20000000e+01 9.30000000e+01 2.00000000e+00
 3.37520000e+04 2.66904167e+01 2.50000000e+01 8.00000000e+00 9.80000000e+01 2.00000000e+00
 3.37520000e+04 2.67012500e+01 2.50000000e+01 1.20000000e+01 9.30000000e+01 2.00000000e+00
 3.37520000e+04 2.67283333e+01 2.50000000e+01 1.32000000e+02 8.90000000e+01 2.00000000e+00
 3.37520000e+04 2.68125000e+01 2.50000000e+01 9.00000000e+00 2.17000000e+02 2.00000000e+00
 3.37530000e+04 2.73854167e+01 3.20000000e+01 8.00000000e+00 9.10000000e+01 2.00000000e+00
 3.37530000e+04 2.75658333e+01 3.20000000e+01 9.00000000e+00 9.01000000e+02 2.00000000e+00
 3.37530000e+04 2.75729167e+01 3.20000000e+01 1.20000000e+01 9.80000000e+01 2.00000000e+00
 3.37530000e+04 2.76729167e+01 3.20000000e+01 1.20000000e+01 9.30000000e+01 2.00000000e+00
 3.37530000e+04 2.77283333e+01 3.20000000e+01 8.00000000e+00 9.60000000e+01 2.00000000e+00
 3.37530000e+04 2.77300000e+01 3.20000000e+01 3.00000000e+00 9.02000000e+02 1.00000000e+00
 3.37530000e+04 2.77425000e+01 3.20000000e+01 3.00000000e+00 9.40000000e+01 2.00000000e+00
 3.37530000e+04 2.77533333e+01 3.20000000e+01 1.32000000e+02 2.17000000e+02 2.00000000e+00
 3.37530000e+04 2.77570833e+01 3.20000000e+01 1.32000000e+02 9.10000000e+01 2.00000000e+00
 3.37530000e+04 2.77700000e+01 3.20000000e+01 3.00000000e+00 9.80000000e+01 2.00000000e+00
 3.37530000e+04 2.78216667e+01 3.20000000e+01 1.20000000e+01 9.60000000e+01 2.00000000e+00
 3.37530000e+04 2.78575000e+01 3.20000000e+01 2.00000000e+00 9.50000000e+01 1.00000000e+00
 3.37540000e+04 2.83750000e+01 3.60000000e+01 3.00000000e+00 9.80000000e+01 2.00000000e+00
 3.37540000e+04 2.83958333e+01 3.60000000e+01 9.00000000e+00 9.60000000e+01 2.00000000e+00
 3.37540000e+04 2.84825000e+01 3.60000000e+01 8.00000000e+00 9.01000000e+02 2.00000000e+00
 3.37540000e+04 2.85550000e+01 3.60000000e+01 8.00000000e+00 9.60000000e+01 2.00000000e+00
 3.37540000e+04 2.85895833e+01 3.60000000e+01 9.00000000e+00 9.70000000e+01 2.00000000e+00
 3.37540000e+04 2.85937500e+01 3.60000000e+01 1.32000000e+02 9.40000000e+01 2.00000000e+00
 3.37540000e+04 2.86658333e+01 3.60000000e+01 8.00000000e+00 9.80000000e+01 2.00000000e+00
 3.37540000e+04 2.86833333e+01 3.60000000e+01 2.00000000e+00 9.01000000e+02 2.00000000e+00
 3.37540000e+04 2.86875000e+01 3.60000000e+01 1.32000000e+02 9.60000000e+01 2.00000000e+00
 3.37540000e+04 2.87375000e+01 3.60000000e+01 1.20000000e+01 9.40000000e+01 2.00000000e+00
 3.37540000e+04 2.87383333e+01 3.60000000e+01 3.00000000e+00 9.80000000e+01 2.00000000e+00
 3.37540000e+04 2.87387500e+01 3.60000000e+01 2.00000000e+00 9.40000000e+01 1.00000000e+00
 3.37550000e+04 2.94270833e+01 3.30000000e+01 8.00000000e+00 9.10000000e+01 2.00000000e+00
 3.37550000e+04 2.95533333e+01 3.30000000e+01 9.00000000e+00 9.70000000e+01 2.00000000e+00
 3.37550000e+04 2.96612500e+01 3.30000000e+01 3.00000000e+00 9.01000000e+02 1.00000000e+00
 3.37550000e+04 2.96700000e+01 3.30000000e+01 1.20000000e+01 9.70000000e+01 2.00000000e+00
 3.37550000e+04 2.97487500e+01 3.30000000e+01 9.00000000e+00 9.70000000e+01 2.00000000e+00
 3.37550000e+04 2.97625000e+01 3.30000000e+01 1.32000000e+02 9.70000000e+01 2.00000000e+00
 3.37550000e+04 2.98470833e+01 3.30000000e+01 2.00000000e+00 9.01000000e+02 1.00000000e+00
 3.37550000e+04 2.98550000e+01 3.30000000e+01 3.00000000e+00 9.01000000e+02 1.00000000e+00
 3.37550000e+04 2.98550000e+01 3.30000000e+01 1.20000000e+01 9.01000000e+02 2.00000000e+00
 3.37560000e+04 3.04091667e+01 2.60000000e+01 1.32000000e+02 9.01000000e+02 1.00000000e+00
 3.37560000e+04 3.05770833e+01 2.60000000e+01 8.00000000e+00 9.70000000e+01 2.00000000e+00
 3.37560000e+04 3.06250000e+01 2.60000000e+01 9.00000000e+00 9.60000000e+01 2.00000000e+00
 3.37560000e+04 3.06304167e+01 2.60000000e+01 3.00000000e+00 9.01000000e+02 1.00000000e+00
 3.37560000e+04 3.07570833e+01 2.60000000e+01 9.00000000e+00 9.50000000e+01 2.00000000e+00
 3.37570000e+04 3.16416667e+01 2.00000000e+01 1.20000000e+01 9.10000000e+01 2.00000000e+00
 3.37570000e+04 3.16500000e+01 2.00000000e+01 1.20000000e+01 9.10000000e+01 2.00000000e+00
 3.37570000e+04 3.16700000e+01 2.00000000e+01 2.00000000e+00 9.01000000e+02 1.00000000e+00
 3.37570000e+04 3.17012500e+01 2.00000000e+01 1.20000000e+01 9.70000000e+01 2.00000000e+00
 3.37570000e+04 3.18229167e+01 2.00000000e+01 2.00000000e+00 9.40000000e+01 2.00000000e+00
 3.37570000e+04 3.18750000e+01 2.00000000e+01 9.00000000e+00 9.70000000e+01 2.00000000e+00
 3.37580000e+04 3.24758333e+01 1.50000000e+01 1.32000000e+02 9.80000000e+01 2.00000000e+00
 3.37580000e+04 3.25137500e+01 1.50000000e+01 9.00000000e+00 9.80000000e+01 2.00000000e+00
 3.37580000e+04 3.25904167e+01 1.50000000e+01 8.00000000e+00 9.40000000e+01 2.00000000e+00
 3.37580000e+04 3.26945833e+01 1.50000000e+01 1.20000000e+01 2.17000000e+02 2.00000000e+00
 3.37590000e+04 3.35416667e+01 1.20000000e+01 8.00000000e+00 9.30000000e+01 2.00000000e+00
 3.37590000e+04 3.36762500e+01 1.20000000e+01 8.00000000e+00 9.80000000e+01 2.00000000e+00
 3.37620000e+04 3.65000000e+01 4.00000000e+00 1.32000000e+02 9.40000000e+01 1.00000000e+00
 3.37620000e+04 3.65791667e+01 4.00000000e+00 1.20000000e+01 9.40000000e+01 2.00000000e+00
 3.37620000e+04 3.66320833e+01 4.00000000e+00 2.00000000e+00 9.70000000e+01 1.00000000e+00
 3.37620000e+04 3.66591667e+01 4.00000000e+00 3.00000000e+00 9.60000000e+01 1.00000000e+00
 3.37630000e+04 3.77062500e+01 5.00000000e+00 1.32000000e+02 9.30000000e+01 2.00000000e+00
 3.37640000e+04 3.83012500e+01 1.00000000e+01 2.00000000e+00 9.70000000e+01 1.00000000e+00
 3.37640000e+04 3.83950000e+01 1.00000000e+01 1.32000000e+02 9.70000000e+01 1.00000000e+00
 3.37640000e+04 3.84895833e+01 1.00000000e+01 8.00000000e+00 9.80000000e+01 2.00000000e+00
 3.37640000e+04 3.86929167e+01 1.00000000e+01 1.20000000e+01 9.80000000e+01 2.00000000e+00
 3.37640000e+04 3.87883333e+01 1.00000000e+01 8.00000000e+00 9.10000000e+01 2.00000000e+00
 3.37650000e+04 3.95583333e+01 1.10000000e+01 8.00000000e+00 9.10000000e+01 2.00000000e+00
 3.37650000e+04 3.96762500e+01 1.10000000e+01 8.00000000e+00 9.60000000e+01 2.00000000e+00
 3.37650000e+04 3.97554167e+01 1.10000000e+01 8.00000000e+00 9.70000000e+01 2.00000000e+00
 3.37650000e+04 3.97570833e+01 1.10000000e+01 2.00000000e+00 9.80000000e+01 2.00000000e+00
 3.37650000e+04 3.99583333e+01 1.10000000e+01 1.32000000e+02 9.30000000e+01 2.00000000e+00
 3.37660000e+04 4.05220833e+01 2.70000000e+01 8.00000000e+00 9.60000000e+01 2.00000000e+00
 3.37660000e+04 4.05825000e+01 2.70000000e+01 2.00000000e+00 9.40000000e+01 2.00000000e+00
 3.37660000e+04 4.05845833e+01 2.70000000e+01 2.00000000e+00 2.17000000e+02 1.00000000e+00
 3.37660000e+04 4.05970833e+01 2.70000000e+01 2.00000000e+00 9.40000000e+01 1.00000000e+00
 3.37660000e+04 4.06041667e+01 2.70000000e+01 3.00000000e+00 9.50000000e+01 1.00000000e+00
 3.37660000e+04 4.06041667e+01 2.70000000e+01 2.00000000e+00 2.17000000e+02 1.00000000e+00
 3.37660000e+04 4.06325000e+01 2.70000000e+01 2.00000000e+00 9.50000000e+01 1.00000000e+00
 3.37660000e+04 4.06666667e+01 2.70000000e+01 2.00000000e+00 9.50000000e+01 1.00000000e+00
 3.37660000e+04 4.06729167e+01 2.70000000e+01 1.32000000e+02 9.80000000e+01 2.00000000e+00
 3.37660000e+04 4.06929167e+01 2.70000000e+01 9.00000000e+00 9.40000000e+01 1.00000000e+00
 3.37660000e+04 4.07054167e+01 2.70000000e+01 3.00000000e+00 9.40000000e+01 1.00000000e+00
 3.37660000e+04 4.07154167e+01 2.70000000e+01 8.00000000e+00 9.80000000e+01 2.00000000e+00
 3.37660000e+04 4.07466667e+01 2.70000000e+01 9.00000000e+00 9.80000000e+01 2.00000000e+00
 3.37660000e+04 4.07666667e+01 2.70000000e+01 9.00000000e+00 2.17000000e+02 2.00000000e+00
 3.37660000e+04 4.07750000e+01 2.70000000e+01 3.00000000e+00 9.40000000e+01 1.00000000e+00
 3.37660000e+04 4.07908333e+01 2.70000000e+01 2.00000000e+00 2.17000000e+02 1.00000000e+00
 3.37660000e+04 4.08404167e+01 2.70000000e+01 1.20000000e+01 9.80000000e+01 2.00000000e+00
 3.37670000e+04 4.14062500e+01 3.80000000e+01 8.00000000e+00 9.70000000e+01 1.00000000e+00
 3.37670000e+04 4.15133333e+01 3.80000000e+01 8.00000000e+00 9.60000000e+01 1.00000000e+00
 3.37670000e+04 4.15220833e+01 3.80000000e+01 3.00000000e+00 9.40000000e+01 1.00000000e+00
 3.37670000e+04 4.15312500e+01 3.80000000e+01 3.00000000e+00 9.70000000e+01 2.00000000e+00
 3.37670000e+04 4.15479167e+01 3.80000000e+01 1.32000000e+02 9.80000000e+01 1.00000000e+00
 3.37670000e+04 4.15512500e+01 3.80000000e+01 1.20000000e+01 9.80000000e+01 2.00000000e+00
 3.37670000e+04 4.15570833e+01 3.80000000e+01 3.00000000e+00 9.70000000e+01 1.00000000e+00
 3.37670000e+04 4.15570833e+01 3.80000000e+01 8.00000000e+00 9.70000000e+01 2.00000000e+00
 3.37670000e+04 4.16104167e+01 3.80000000e+01 9.00000000e+00 9.10000000e+01 2.00000000e+00
 3.37670000e+04 4.16320833e+01 3.80000000e+01 1.32000000e+02 9.40000000e+01 1.00000000e+00
 3.37670000e+04 4.16804167e+01 3.80000000e+01 8.00000000e+00 9.40000000e+01 1.00000000e+00
 3.37670000e+04 4.16987500e+01 3.80000000e+01 8.00000000e+00 9.40000000e+01 1.00000000e+00
 3.37670000e+04 4.17216667e+01 3.80000000e+01 3.00000000e+00 2.17000000e+02 1.00000000e+00
 3.37670000e+04 4.17395833e+01 3.80000000e+01 8.00000000e+00 9.80000000e+01 2.00000000e+00
 3.37670000e+04 4.17395833e+01 3.80000000e+01 9.00000000e+00 9.01000000e+02 2.00000000e+00
 3.37670000e+04 4.18125000e+01 3.80000000e+01 9.00000000e+00 9.40000000e+01 2.00000000e+00
 3.37680000e+04 4.23550000e+01 5.20000000e+01 3.00000000e+00 9.02000000e+02 1.00000000e+00
 3.37680000e+04 4.24708333e+01 5.20000000e+01 1.31000000e+02 9.40000000e+01 1.00000000e+00
 3.37680000e+04 4.25054167e+01 5.20000000e+01 8.00000000e+00 9.70000000e+01 1.00000000e+00
 3.37680000e+04 4.25237500e+01 5.20000000e+01 3.00000000e+00 9.30000000e+01 2.00000000e+00
 3.37680000e+04 4.25270833e+01 5.20000000e+01 9.00000000e+00 9.60000000e+01 2.00000000e+00
 3.37680000e+04 4.25750000e+01 5.20000000e+01 1.32000000e+02 9.70000000e+01 1.00000000e+00
 3.37680000e+04 4.25833333e+01 5.20000000e+01 2.00000000e+00 9.40000000e+01 1.00000000e+00
 3.37680000e+04 4.25866667e+01 5.20000000e+01 8.00000000e+00 9.40000000e+01 2.00000000e+00
 3.37680000e+04 4.26041667e+01 5.20000000e+01 1.20000000e+01 2.17000000e+02 1.00000000e+00
 3.37680000e+04 4.26050000e+01 5.20000000e+01 2.00000000e+00 9.40000000e+01 1.00000000e+00
 3.37680000e+04 4.26175000e+01 5.20000000e+01 8.00000000e+00 9.80000000e+01 1.00000000e+00
 3.37680000e+04 4.26216667e+01 5.20000000e+01 8.00000000e+00 9.80000000e+01 1.00000000e+00
 3.37680000e+04 4.26529167e+01 5.20000000e+01 9.00000000e+00 9.70000000e+01 1.00000000e+00
 3.37680000e+04 4.26562500e+01 5.20000000e+01 9.00000000e+00 9.70000000e+01 2.00000000e+00
 3.37680000e+04 4.26783333e+01 5.20000000e+01 9.00000000e+00 9.70000000e+01 1.00000000e+00
 3.37680000e+04 4.27387500e+01 5.20000000e+01 2.00000000e+00 2.17000000e+02 1.00000000e+00
 3.37680000e+04 4.27533333e+01 5.20000000e+01 2.00000000e+00 9.40000000e+01 1.00000000e+00
 3.37680000e+04 4.27883333e+01 5.20000000e+01 1.32000000e+02 9.80000000e+01 1.00000000e+00
 3.37680000e+04 4.29450000e+01 5.20000000e+01 3.00000000e+00 9.50000000e+01 1.00000000e+00
 3.37690000e+04 4.33887500e+01 5.40000000e+01 3.00000000e+00 9.70000000e+01 1.00000000e+00
 3.37690000e+04 4.34158333e+01 5.40000000e+01 3.00000000e+00 9.40000000e+01 1.00000000e+00
 3.37690000e+04 4.34404167e+01 5.40000000e+01 8.00000000e+00 9.80000000e+01 1.00000000e+00
 3.37690000e+04 4.34783333e+01 5.40000000e+01 9.00000000e+00 9.70000000e+01 1.00000000e+00
 3.37690000e+04 4.35416667e+01 5.40000000e+01 1.32000000e+02 9.70000000e+01 1.00000000e+00
 3.37690000e+04 4.35520833e+01 5.40000000e+01 1.20000000e+01 9.30000000e+01 2.00000000e+00
 3.37690000e+04 4.35758333e+01 5.40000000e+01 8.00000000e+00 9.40000000e+01 1.00000000e+00
 3.37690000e+04 4.35970833e+01 5.40000000e+01 1.20000000e+01 9.40000000e+01 2.00000000e+00
 3.37690000e+04 4.36320833e+01 5.40000000e+01 3.00000000e+00 9.70000000e+01 2.00000000e+00
 3.37690000e+04 4.36450000e+01 5.40000000e+01 3.00000000e+00 9.70000000e+01 1.00000000e+00
 3.37690000e+04 4.36658333e+01 5.40000000e+01 3.00000000e+00 9.70000000e+01 2.00000000e+00
 3.37690000e+04 4.36729167e+01 5.40000000e+01 1.32000000e+02 9.70000000e+01 1.00000000e+00
 3.37690000e+04 4.36762500e+01 5.40000000e+01 8.00000000e+00 9.10000000e+01 2.00000000e+00
 3.37690000e+04 4.36783333e+01 5.40000000e+01 3.00000000e+00 9.40000000e+01 2.00000000e+00
 3.37690000e+04 4.37112500e+01 5.40000000e+01 3.00000000e+00 9.80000000e+01 1.00000000e+00
 3.37690000e+04 4.37500000e+01 5.40000000e+01 1.32000000e+02 9.80000000e+01 1.00000000e+00
 3.37690000e+04 4.38216667e+01 5.40000000e+01 8.00000000e+00 9.70000000e+01 2.00000000e+00
 3.37690000e+04 4.38437500e+01 5.40000000e+01 3.00000000e+00 9.60000000e+01 2.00000000e+00
 3.37690000e+04 4.39029167e+01 5.40000000e+01 1.32000000e+02 9.70000000e+01 1.00000000e+00
 3.37700000e+04 4.45000000e+01 4.90000000e+01 9.00000000e+00 2.17000000e+02 1.00000000e+00
 3.37700000e+04 4.45450000e+01 4.90000000e+01 9.00000000e+00 9.70000000e+01 1.00000000e+00
 3.37700000e+04 4.45637500e+01 4.90000000e+01 9.00000000e+00 9.40000000e+01 2.00000000e+00
 3.37700000e+04 4.45862500e+01 4.90000000e+01 9.00000000e+00 9.40000000e+01 2.00000000e+00
 3.37700000e+04 4.46075000e+01 4.90000000e+01 3.00000000e+00 9.30000000e+01 2.00000000e+00
 3.37700000e+04 4.46320833e+01 4.90000000e+01 1.20000000e+01 9.70000000e+01 2.00000000e+00
 3.37700000e+04 4.46320833e+01 4.90000000e+01 1.20000000e+01 9.80000000e+01 2.00000000e+00
 3.37700000e+04 4.46666667e+01 4.90000000e+01 8.00000000e+00 9.80000000e+01 1.00000000e+00
 3.37700000e+04 4.47166667e+01 4.90000000e+01 1.32000000e+02 9.80000000e+01 1.00000000e+00
 3.37700000e+04 4.47845833e+01 4.90000000e+01 1.32000000e+02 9.30000000e+01 2.00000000e+00
 3.37700000e+04 4.48437500e+01 4.90000000e+01 1.32000000e+02 9.10000000e+01 2.00000000e+00
 3.37710000e+04 4.55000000e+01 4.70000000e+01 8.00000000e+00 9.40000000e+01 2.00000000e+00
 3.37710000e+04 4.55200000e+01 4.70000000e+01 1.20000000e+01 9.80000000e+01 2.00000000e+00
 3.37710000e+04 4.55237500e+01 4.70000000e+01 1.20000000e+01 9.30000000e+01 2.00000000e+00
 3.37710000e+04 4.55383333e+01 4.70000000e+01 8.00000000e+00 9.70000000e+01 2.00000000e+00
 3.37710000e+04 4.55825000e+01 4.70000000e+01 1.20000000e+01 9.30000000e+01 2.00000000e+00
 3.37710000e+04 4.55970833e+01 4.70000000e+01 2.00000000e+00 9.70000000e+01 1.00000000e+00
 3.37710000e+04 4.56075000e+01 4.70000000e+01 3.00000000e+00 9.40000000e+01 1.00000000e+00
 3.37710000e+04 4.56104167e+01 4.70000000e+01 9.00000000e+00 9.80000000e+01 2.00000000e+00
 3.37710000e+04 4.56458333e+01 4.70000000e+01 8.00000000e+00 9.80000000e+01 2.00000000e+00
 3.37710000e+04 4.56595833e+01 4.70000000e+01 8.00000000e+00 9.80000000e+01 2.00000000e+00
 3.37710000e+04 4.56762500e+01 4.70000000e+01 8.00000000e+00 9.60000000e+01 1.00000000e+00
 3.37710000e+04 4.57041667e+01 4.70000000e+01 8.00000000e+00 9.80000000e+01 1.00000000e+00
 3.37710000e+04 4.57091667e+01 4.70000000e+01 9.00000000e+00 9.70000000e+01 1.00000000e+00
 3.37710000e+04 4.57220833e+01 4.70000000e+01 1.20000000e+01 9.80000000e+01 1.00000000e+00
 3.37710000e+04 4.57354167e+01 4.70000000e+01 8.00000000e+00 9.70000000e+01 2.00000000e+00
 3.37710000e+04 4.57708333e+01 4.70000000e+01 1.20000000e+01 9.70000000e+01 2.00000000e+00
 3.37710000e+04 4.58195833e+01 4.70000000e+01 2.00000000e+00 9.40000000e+01 1.00000000e+00
 3.37720000e+04 4.63854167e+01 5.30000000e+01 1.32000000e+02 9.60000000e+01 2.00000000e+00
 3.37720000e+04 4.64320833e+01 5.30000000e+01 2.00000000e+00 9.70000000e+01 1.00000000e+00
 3.37720000e+04 4.64612500e+01 5.30000000e+01 9.00000000e+00 9.70000000e+01 2.00000000e+00
 3.37720000e+04 4.64887500e+01 5.30000000e+01 3.00000000e+00 9.70000000e+01 1.00000000e+00
 3.37720000e+04 4.65425000e+01 5.30000000e+01 8.00000000e+00 9.70000000e+01 1.00000000e+00
 3.37720000e+04 4.65612500e+01 5.30000000e+01 2.00000000e+00 2.17000000e+02 1.00000000e+00
 3.37720000e+04 4.65812500e+01 5.30000000e+01 3.00000000e+00 9.80000000e+01 1.00000000e+00
 3.37720000e+04 4.65970833e+01 5.30000000e+01 1.31000000e+02 9.40000000e+01 1.00000000e+00
 3.37720000e+04 4.66075000e+01 5.30000000e+01 2.00000000e+00 9.50000000e+01 1.00000000e+00
 3.37720000e+04 4.66179167e+01 5.30000000e+01 8.00000000e+00 9.60000000e+01 1.00000000e+00
 3.37720000e+04 4.66250000e+01 5.30000000e+01 3.00000000e+00 9.70000000e+01 1.00000000e+00
 3.37720000e+04 4.66429167e+01 5.30000000e+01 1.32000000e+02 9.30000000e+01 1.00000000e+00
 3.37720000e+04 4.66583333e+01 5.30000000e+01 2.00000000e+00 9.70000000e+01 1.00000000e+00
 3.37720000e+04 4.66675000e+01 5.30000000e+01 9.00000000e+00 9.01000000e+02 2.00000000e+00
 3.37720000e+04 4.66679167e+01 5.30000000e+01 1.32000000e+02 2.17000000e+02 2.00000000e+00
 3.37720000e+04 4.66695833e+01 5.30000000e+01 3.00000000e+00 9.80000000e+01 2.00000000e+00
 3.37720000e+04 4.66762500e+01 5.30000000e+01 1.32000000e+02 9.70000000e+01 1.00000000e+00
 3.37720000e+04 4.66875000e+01 5.30000000e+01 2.00000000e+00 9.40000000e+01 1.00000000e+00
 3.37720000e+04 4.66945833e+01 5.30000000e+01 1.32000000e+02 9.70000000e+01 1.00000000e+00
 3.37720000e+04 4.67145833e+01 5.30000000e+01 1.32000000e+02 9.30000000e+01 1.00000000e+00
 3.37720000e+04 4.67283333e+01 5.30000000e+01 3.00000000e+00 9.70000000e+01 2.00000000e+00
 3.37720000e+04 4.67570833e+01 5.30000000e+01 8.00000000e+00 9.80000000e+01 2.00000000e+00
 3.37720000e+04 4.67654167e+01 5.30000000e+01 1.32000000e+02 9.60000000e+01 1.00000000e+00
 3.37720000e+04 4.67883333e+01 5.30000000e+01 3.00000000e+00 9.30000000e+01 1.00000000e+00
 3.37720000e+04 4.68220833e+01 5.30000000e+01 3.00000000e+00 9.80000000e+01 1.00000000e+00
 3.37730000e+04 4.74800000e+01 5.00000000e+01 3.00000000e+00 9.70000000e+01 1.00000000e+00
 3.37730000e+04 4.75345833e+01 5.00000000e+01 1.20000000e+01 9.80000000e+01 2.00000000e+00
 3.37730000e+04 4.75491667e+01 5.00000000e+01 9.00000000e+00 9.70000000e+01 2.00000000e+00
 3.37730000e+04 4.75554167e+01 5.00000000e+01 9.00000000e+00 9.40000000e+01 1.00000000e+00
 3.37730000e+04 4.75812500e+01 5.00000000e+01 8.00000000e+00 9.80000000e+01 1.00000000e+00
 3.37730000e+04 4.75833333e+01 5.00000000e+01 1.32000000e+02 9.80000000e+01 1.00000000e+00
 3.37730000e+04 4.76104167e+01 5.00000000e+01 1.20000000e+01 9.80000000e+01 2.00000000e+00
 3.37730000e+04 4.76770833e+01 5.00000000e+01 3.00000000e+00 9.80000000e+01 2.00000000e+00
 3.37740000e+04 4.85791667e+01 3.50000000e+01 1.32000000e+02 9.80000000e+01 1.00000000e+00
 3.37740000e+04 4.86741667e+01 3.50000000e+01 3.00000000e+00 9.70000000e+01 1.00000000e+00
 3.37750000e+04 4.94533333e+01 1.90000000e+01 2.00000000e+00 9.70000000e+01 2.00000000e+00
 3.37750000e+04 4.96250000e+01 1.90000000e+01 2.00000000e+00 9.70000000e+01 1.00000000e+00
 3.37750000e+04 4.96320833e+01 1.90000000e+01 2.00000000e+00 9.10000000e+01 1.00000000e+00
 3.37750000e+04 4.96345833e+01 1.90000000e+01 2.00000000e+00 9.50000000e+01 1.00000000e+00
 3.37750000e+04 4.96591667e+01 1.90000000e+01 9.00000000e+00 9.60000000e+01 1.00000000e+00
 3.37750000e+04 4.96654167e+01 1.90000000e+01 1.32000000e+02 9.70000000e+01 1.00000000e+00
 3.37750000e+04 4.96720833e+01 1.90000000e+01 8.00000000e+00 9.70000000e+01 1.00000000e+00
 3.37750000e+04 4.96904167e+01 1.90000000e+01 1.32000000e+02 9.40000000e+01 1.00000000e+00
 3.37750000e+04 4.96929167e+01 1.90000000e+01 1.20000000e+01 9.40000000e+01 2.00000000e+00
 3.37760000e+04 5.05383333e+01 1.90000000e+01 8.00000000e+00 9.70000000e+01 2.00000000e+00
 3.37760000e+04 5.06041667e+01 1.90000000e+01 8.00000000e+00 9.80000000e+01 1.00000000e+00
 3.37760000e+04 5.06450000e+01 1.90000000e+01 2.00000000e+00 9.40000000e+01 1.00000000e+00
 3.37760000e+04 5.06729167e+01 1.90000000e+01 2.00000000e+00 9.70000000e+01 1.00000000e+00
 3.37760000e+04 5.07083333e+01 1.90000000e+01 2.00000000e+00 9.70000000e+01 1.00000000e+00
 3.37760000e+04 5.07116667e+01 1.90000000e+01 1.32000000e+02 9.30000000e+01 1.00000000e+00
 3.37760000e+04 5.07187500e+01 1.90000000e+01 1.32000000e+02 9.80000000e+01 1.00000000e+00
 3.37760000e+04 5.07216667e+01 1.90000000e+01 2.00000000e+00 9.60000000e+01 1.00000000e+00
 3.37770000e+04 5.15116667e+01 2.50000000e+01 2.00000000e+00 9.70000000e+01 2.00000000e+00
 3.37770000e+04 5.15658333e+01 2.50000000e+01 1.20000000e+01 9.10000000e+01 2.00000000e+00
 3.37770000e+04 5.15833333e+01 2.50000000e+01 2.00000000e+00 9.01000000e+02 2.00000000e+00
 3.37770000e+04 5.15866667e+01 2.50000000e+01 3.00000000e+00 9.40000000e+01 2.00000000e+00
 3.37770000e+04 5.16070833e+01 2.50000000e+01 3.00000000e+00 9.40000000e+01 1.00000000e+00
 3.37770000e+04 5.16666667e+01 2.50000000e+01 1.32000000e+02 9.70000000e+01 1.00000000e+00
 3.37770000e+04 5.16945833e+01 2.50000000e+01 9.00000000e+00 9.40000000e+01 2.00000000e+00
 3.37770000e+04 5.18104167e+01 2.50000000e+01 2.00000000e+00 9.40000000e+01 1.00000000e+00
 3.37780000e+04 5.26216667e+01 2.00000000e+01 1.20000000e+01 9.80000000e+01 2.00000000e+00
 3.37780000e+04 5.27575000e+01 2.00000000e+01 3.00000000e+00 9.70000000e+01 1.00000000e+00
 3.37780000e+04 5.27779167e+01 2.00000000e+01 1.32000000e+02 9.30000000e+01 2.00000000e+00
 3.37780000e+04 5.28054167e+01 2.00000000e+01 1.20000000e+01 9.40000000e+01 2.00000000e+00
 3.37790000e+04 5.33404167e+01 1.40000000e+01 1.20000000e+01 9.80000000e+01 2.00000000e+00
 3.37790000e+04 5.36554167e+01 1.40000000e+01 1.32000000e+02 9.80000000e+01 1.00000000e+00
 3.37800000e+04 5.44054167e+01 9.00000000e+00 8.00000000e+00 9.80000000e+01 2.00000000e+00
 3.37800000e+04 5.46800000e+01 9.00000000e+00 1.20000000e+01 9.60000000e+01 2.00000000e+00
 3.37800000e+04 5.47737500e+01 9.00000000e+00 3.00000000e+00 9.80000000e+01 2.00000000e+00
 3.37810000e+04 5.54166667e+01 1.00000000e+01 9.00000000e+00 9.80000000e+01 2.00000000e+00
 3.37810000e+04 5.55729167e+01 1.00000000e+01 8.00000000e+00 9.80000000e+01 2.00000000e+00
 3.37810000e+04 5.55895833e+01 1.00000000e+01 1.32000000e+02 9.60000000e+01 2.00000000e+00
 3.37810000e+04 5.56304167e+01 1.00000000e+01 1.32000000e+02 9.70000000e+01 1.00000000e+00
 3.37810000e+04 5.57570833e+01 1.00000000e+01 1.32000000e+02 9.50000000e+01 2.00000000e+00
 3.37820000e+04 5.66320833e+01 1.30000000e+01 1.20000000e+01 9.80000000e+01 2.00000000e+00
 3.37820000e+04 5.66487500e+01 1.30000000e+01 9.00000000e+00 9.80000000e+01 2.00000000e+00
 3.37820000e+04 5.67408333e+01 1.30000000e+01 2.00000000e+00 2.17000000e+02 2.00000000e+00
 3.37820000e+04 5.68175000e+01 1.30000000e+01 3.00000000e+00 9.80000000e+01 2.00000000e+00
 3.37820000e+04 5.69575000e+01 1.30000000e+01 1.20000000e+01 9.70000000e+01 2.00000000e+00
 3.37830000e+04 5.75479167e+01 1.20000000e+01 9.00000000e+00 9.80000000e+01 2.00000000e+00
 3.37830000e+04 5.77033333e+01 1.20000000e+01 8.00000000e+00 9.70000000e+01 2.00000000e+00
 3.37840000e+04 5.86050000e+01 9.00000000e+00 9.00000000e+00 9.30000000e+01 1.00000000e+00
 3.37840000e+04 5.87187500e+01 9.00000000e+00 3.00000000e+00 9.40000000e+01 2.00000000e+00
 3.37850000e+04 5.93887500e+01 1.00000000e+01 1.32000000e+02 9.70000000e+01 2.00000000e+00
 3.37850000e+04 5.93987500e+01 1.00000000e+01 9.00000000e+00 9.80000000e+01 2.00000000e+00
 3.37850000e+04 5.97062500e+01 1.00000000e+01 1.20000000e+01 9.01000000e+02 1.00000000e+00
 3.37850000e+04 5.97083333e+01 1.00000000e+01 3.00000000e+00 9.60000000e+01 1.00000000e+00
 3.37850000e+04 5.97145833e+01 1.00000000e+01 1.32000000e+02 9.60000000e+01 1.00000000e+00
 3.37850000e+04 5.97750000e+01 1.00000000e+01 8.00000000e+00 9.80000000e+01 2.00000000e+00
 3.37860000e+04 6.04050000e+01 1.40000000e+01 2.00000000e+00 9.50000000e+01 1.00000000e+00
 3.37860000e+04 6.04095833e+01 1.40000000e+01 9.00000000e+00 9.01000000e+02 2.00000000e+00
 3.37860000e+04 6.05450000e+01 1.40000000e+01 3.00000000e+00 9.80000000e+01 2.00000000e+00
 3.37860000e+04 6.06095833e+01 1.40000000e+01 3.00000000e+00 9.80000000e+01 2.00000000e+00
 3.37860000e+04 6.06250000e+01 1.40000000e+01 1.32000000e+02 9.80000000e+01 2.00000000e+00
 3.37860000e+04 6.07112500e+01 1.40000000e+01 3.00000000e+00 9.80000000e+01 2.00000000e+00
 3.37870000e+04 6.13500000e+01 1.50000000e+01 9.00000000e+00 9.30000000e+01 1.00000000e+00
 3.37870000e+04 6.14354167e+01 1.50000000e+01 9.00000000e+00 9.40000000e+01 1.00000000e+00
 3.37870000e+04 6.16250000e+01 1.50000000e+01 2.00000000e+00 9.01000000e+02 2.00000000e+00
 3.37880000e+04 6.24116667e+01 1.10000000e+01 9.00000000e+00 9.60000000e+01 1.00000000e+00
 3.37880000e+04 6.27779167e+01 1.10000000e+01 1.32000000e+02 9.60000000e+01 1.00000000e+00
 3.37900000e+04 6.46720833e+01 3.00000000e+00 8.00000000e+00 9.80000000e+01 1.00000000e+00
 3.37910000e+04 6.54887500e+01 2.00000000e+00 3.00000000e+00 9.60000000e+01 1.00000000e+00
 3.37920000e+04 6.64791667e+01 4.00000000e+00 1.32000000e+02 9.70000000e+01 2.00000000e+00
 3.37920000e+04 6.65070833e+01 4.00000000e+00 2.00000000e+00 9.80000000e+01 2.00000000e+00
 3.37930000e+04 6.75862500e+01 4.00000000e+00 9.00000000e+00 9.80000000e+01 2.00000000e+00
 3.37940000e+04 6.87187500e+01 5.00000000e+00 1.32000000e+02 9.80000000e+01 2.00000000e+00
 3.37940000e+04 6.87387500e+01 5.00000000e+00 1.20000000e+01 9.30000000e+01 2.00000000e+00
 3.37950000e+04 6.95950000e+01 6.00000000e+00 9.00000000e+00 9.80000000e+01 2.00000000e+00
 3.37950000e+04 6.96083333e+01 6.00000000e+00 3.00000000e+00 9.30000000e+01 1.00000000e+00
 3.37950000e+04 6.99270833e+01 6.00000000e+00 3.00000000e+00 9.40000000e+01 1.00000000e+00
 3.37960000e+04 7.05841667e+01 9.00000000e+00 1.20000000e+01 9.40000000e+01 2.00000000e+00
 3.37960000e+04 7.06175000e+01 9.00000000e+00 2.00000000e+00 9.01000000e+02 2.00000000e+00
 3.37960000e+04 7.06320833e+01 9.00000000e+00 1.32000000e+02 9.60000000e+01 1.00000000e+00
 3.37960000e+04 7.07500000e+01 9.00000000e+00 2.00000000e+00 9.01000000e+02 2.00000000e+00
 3.37970000e+04 7.15491667e+01 1.10000000e+01 3.00000000e+00 9.10000000e+01 1.00000000e+00
 3.37970000e+04 7.16416667e+01 1.10000000e+01 1.20000000e+01 9.10000000e+01 2.00000000e+00
 3.37970000e+04 7.19470833e+01 1.10000000e+01 1.32000000e+02 9.80000000e+01 2.00000000e+00
 3.37970000e+04 7.19575000e+01 1.10000000e+01 1.20000000e+01 9.40000000e+01 2.00000000e+00
 3.37980000e+04 7.24887500e+01 1.20000000e+01 3.00000000e+00 9.01000000e+02 1.00000000e+00
 3.37980000e+04 7.24929167e+01 1.20000000e+01 3.00000000e+00 9.50000000e+01 2.00000000e+00
 3.37980000e+04 7.25895833e+01 1.20000000e+01 1.20000000e+01 9.10000000e+01 2.00000000e+00
 3.37980000e+04 7.26387500e+01 1.20000000e+01 1.20000000e+01 9.80000000e+01 2.00000000e+00
 3.37990000e+04 7.34029167e+01 1.00000000e+01 1.32000000e+02 9.60000000e+01 1.00000000e+00
 3.37990000e+04 7.36137500e+01 1.00000000e+01 1.20000000e+01 9.30000000e+01 2.00000000e+00
 3.38000000e+04 7.45145833e+01 1.20000000e+01 1.20000000e+01 9.80000000e+01 2.00000000e+00
 3.38000000e+04 7.45200000e+01 1.20000000e+01 1.20000000e+01 9.80000000e+01 2.00000000e+00
 3.38000000e+04 7.46575000e+01 1.20000000e+01 1.32000000e+02 9.80000000e+01 2.00000000e+00
 3.38000000e+04 7.46883333e+01 1.20000000e+01 3.00000000e+00 9.80000000e+01 2.00000000e+00
 3.38000000e+04 7.47416667e+01 1.20000000e+01 3.00000000e+00 9.60000000e+01 2.00000000e+00
 3.38000000e+04 7.47845833e+01 1.20000000e+01 1.20000000e+01 9.80000000e+01 2.00000000e+00
 3.38010000e+04 7.55450000e+01 1.00000000e+01 2.00000000e+00 9.40000000e+01 1.00000000e+00
 3.38010000e+04 7.58083333e+01 1.00000000e+01 3.00000000e+00 9.80000000e+01 2.00000000e+00
 3.38020000e+04 7.64791667e+01 1.10000000e+01 9.00000000e+00 9.10000000e+01 1.00000000e+00
 3.38020000e+04 7.65520833e+01 1.10000000e+01 1.20000000e+01 9.10000000e+01 1.00000000e+00
 3.38020000e+04 7.67533333e+01 1.10000000e+01 8.00000000e+00 9.80000000e+01 2.00000000e+00
 3.38030000e+04 7.75762500e+01 8.00000000e+00 3.00000000e+00 8.90000000e+01 2.00000000e+00
 3.38030000e+04 7.76841667e+01 8.00000000e+00 9.00000000e+00 9.70000000e+01 2.00000000e+00
 3.38030000e+04 7.77125000e+01 8.00000000e+00 3.00000000e+00 9.10000000e+01 1.00000000e+00
 3.38040000e+04 7.86616667e+01 9.00000000e+00 8.00000000e+00 9.80000000e+01 2.00000000e+00
 3.38040000e+04 7.86841667e+01 9.00000000e+00 1.20000000e+01 9.30000000e+01 2.00000000e+00
 3.38040000e+04 7.88429167e+01 9.00000000e+00 2.00000000e+00 9.01000000e+02 1.00000000e+00
 3.38050000e+04 7.94979167e+01 9.00000000e+00 1.20000000e+01 9.80000000e+01 2.00000000e+00
 3.38050000e+04 7.95675000e+01 9.00000000e+00 1.32000000e+02 9.70000000e+01 1.00000000e+00
 3.38050000e+04 7.96450000e+01 9.00000000e+00 1.20000000e+01 9.30000000e+01 2.00000000e+00
 3.38060000e+04 8.05341667e+01 8.00000000e+00 1.20000000e+01 9.80000000e+01 2.00000000e+00
 3.38060000e+04 8.05416667e+01 8.00000000e+00 8.00000000e+00 9.80000000e+01 2.00000000e+00
 3.38070000e+04 8.15083333e+01 1.40000000e+01 1.20000000e+01 9.70000000e+01 1.00000000e+00
 3.38070000e+04 8.15479167e+01 1.40000000e+01 1.20000000e+01 9.80000000e+01 2.00000000e+00
 3.38070000e+04 8.15720833e+01 1.40000000e+01 3.00000000e+00 9.70000000e+01 1.00000000e+00
 3.38070000e+04 8.16741667e+01 1.40000000e+01 1.32000000e+02 9.01000000e+02 1.00000000e+00
 3.38070000e+04 8.16854167e+01 1.40000000e+01 1.20000000e+01 9.80000000e+01 2.00000000e+00
 3.38070000e+04 8.17008333e+01 1.40000000e+01 8.00000000e+00 2.17000000e+02 1.00000000e+00
 3.38070000e+04 8.17700000e+01 1.40000000e+01 1.20000000e+01 9.80000000e+01 2.00000000e+00
 3.38070000e+04 8.17841667e+01 1.40000000e+01 3.00000000e+00 9.70000000e+01 1.00000000e+00
 3.38070000e+04 8.17908333e+01 1.40000000e+01 1.32000000e+02 9.70000000e+01 1.00000000e+00
 3.38080000e+04 8.24300000e+01 1.70000000e+01 9.00000000e+00 9.01000000e+02 2.00000000e+00
 3.38080000e+04 8.25137500e+01 1.70000000e+01 1.32000000e+02 9.30000000e+01 2.00000000e+00
 3.38080000e+04 8.26800000e+01 1.70000000e+01 1.20000000e+01 9.40000000e+01 2.00000000e+00
 3.38080000e+04 8.27279167e+01 1.70000000e+01 8.00000000e+00 9.80000000e+01 2.00000000e+00
 3.38080000e+04 8.27883333e+01 1.70000000e+01 1.20000000e+01 9.80000000e+01 2.00000000e+00
 3.38080000e+04 8.28533333e+01 1.70000000e+01 8.00000000e+00 9.80000000e+01 2.00000000e+00
 3.38090000e+04 8.34887500e+01 2.10000000e+01 9.00000000e+00 9.10000000e+01 2.00000000e+00
 3.38090000e+04 8.35904167e+01 2.10000000e+01 1.20000000e+01 9.80000000e+01 2.00000000e+00
 3.38090000e+04 8.36083333e+01 2.10000000e+01 1.20000000e+01 9.80000000e+01 2.00000000e+00
 3.38090000e+04 8.36720833e+01 2.10000000e+01 1.20000000e+01 9.80000000e+01 2.00000000e+00
 3.38090000e+04 8.37500000e+01 2.10000000e+01 2.00000000e+00 9.80000000e+01 1.00000000e+00
 3.38090000e+04 8.38750000e+01 2.10000000e+01 1.20000000e+01 9.80000000e+01 2.00000000e+00
 3.38100000e+04 8.44429167e+01 1.90000000e+01 1.20000000e+01 9.80000000e+01 2.00000000e+00
 3.38100000e+04 8.45200000e+01 1.90000000e+01 2.00000000e+00 9.70000000e+01 2.00000000e+00
 3.38100000e+04 8.46487500e+01 1.90000000e+01 8.00000000e+00 9.80000000e+01 2.00000000e+00
 3.38100000e+04 8.46841667e+01 1.90000000e+01 2.00000000e+00 9.40000000e+01 1.00000000e+00
 3.38100000e+04 8.47145833e+01 1.90000000e+01 1.20000000e+01 9.60000000e+01 2.00000000e+00
 3.38100000e+04 8.47304167e+01 1.90000000e+01 1.32000000e+02 9.50000000e+01 1.00000000e+00
 3.38100000e+04 8.47387500e+01 1.90000000e+01 8.00000000e+00 9.80000000e+01 2.00000000e+00
 3.38110000e+04 8.54262500e+01 1.70000000e+01 1.20000000e+01 9.80000000e+01 2.00000000e+00
 3.38110000e+04 8.55675000e+01 1.70000000e+01 1.32000000e+02 9.70000000e+01 1.00000000e+00
 3.38110000e+04 8.56279167e+01 1.70000000e+01 8.00000000e+00 9.80000000e+01 1.00000000e+00
 3.38110000e+04 8.57637500e+01 1.70000000e+01 3.00000000e+00 9.80000000e+01 2.00000000e+00
 3.38120000e+04 8.64062500e+01 1.90000000e+01 1.32000000e+02 9.80000000e+01 2.00000000e+00
 3.38120000e+04 8.65825000e+01 1.90000000e+01 9.00000000e+00 9.80000000e+01 2.00000000e+00
 3.38120000e+04 8.65825000e+01 1.90000000e+01 8.00000000e+00 9.80000000e+01 2.00000000e+00
 3.38120000e+04 8.65950000e+01 1.90000000e+01 3.00000000e+00 9.80000000e+01 2.00000000e+00
 3.38120000e+04 8.66000000e+01 1.90000000e+01 2.00000000e+00 9.40000000e+01 1.00000000e+00
 3.38120000e+04 8.66841667e+01 1.90000000e+01 1.32000000e+02 9.40000000e+01 2.00000000e+00
 3.38120000e+04 8.67279167e+01 1.90000000e+01 2.00000000e+00 9.80000000e+01 2.00000000e+00
 3.38120000e+04 8.67841667e+01 1.90000000e+01 3.00000000e+00 9.80000000e+01 2.00000000e+00
 3.38130000e+04 8.75137500e+01 1.70000000e+01 1.20000000e+01 9.80000000e+01 2.00000000e+00
 3.38130000e+04 8.75700000e+01 1.70000000e+01 1.32000000e+02 9.01000000e+02 1.00000000e+00
 3.38130000e+04 8.75791667e+01 1.70000000e+01 1.20000000e+01 9.80000000e+01 2.00000000e+00
 3.38130000e+04 8.76075000e+01 1.70000000e+01 1.20000000e+01 9.80000000e+01 2.00000000e+00
 3.38130000e+04 8.78166667e+01 1.70000000e+01 1.20000000e+01 9.70000000e+01 2.00000000e+00
 3.38140000e+04 8.85033333e+01 1.80000000e+01 2.00000000e+00 9.80000000e+01 2.00000000e+00
 3.38140000e+04 8.85450000e+01 1.80000000e+01 3.00000000e+00 9.80000000e+01 2.00000000e+00
 3.38140000e+04 8.86387500e+01 1.80000000e+01 1.20000000e+01 9.30000000e+01 2.00000000e+00
 3.38140000e+04 8.86841667e+01 1.80000000e+01 3.00000000e+00 9.01000000e+02 1.00000000e+00
 3.38140000e+04 8.87112500e+01 1.80000000e+01 8.00000000e+00 9.80000000e+01 2.00000000e+00
 3.38150000e+04 8.93854167e+01 1.50000000e+01 2.00000000e+00 9.80000000e+01 2.00000000e+00
 3.38150000e+04 8.95437500e+01 1.50000000e+01 8.00000000e+00 9.80000000e+01 2.00000000e+00
 3.38150000e+04 8.95741667e+01 1.50000000e+01 8.00000000e+00 9.80000000e+01 2.00000000e+00
 3.38150000e+04 8.97666667e+01 1.50000000e+01 9.00000000e+00 9.01000000e+02 1.00000000e+00
 3.38150000e+04 8.99654167e+01 1.50000000e+01 1.31000000e+02 9.40000000e+01 1.00000000e+00
 3.38160000e+04 9.04333333e+01 2.00000000e+01 8.00000000e+00 9.80000000e+01 2.00000000e+00
 3.38160000e+04 9.04929167e+01 2.00000000e+01 1.32000000e+02 9.40000000e+01 2.00000000e+00
 3.38160000e+04 9.05000000e+01 2.00000000e+01 1.20000000e+01 9.10000000e+01 2.00000000e+00
 3.38160000e+04 9.05695833e+01 2.00000000e+01 1.20000000e+01 9.70000000e+01 2.00000000e+00
 3.38160000e+04 9.06075000e+01 2.00000000e+01 1.20000000e+01 9.60000000e+01 2.00000000e+00
 3.38160000e+04 9.06116667e+01 2.00000000e+01 9.00000000e+00 9.01000000e+02 2.00000000e+00
 3.38160000e+04 9.06387500e+01 2.00000000e+01 8.00000000e+00 9.10000000e+01 2.00000000e+00
 3.38160000e+04 9.06658333e+01 2.00000000e+01 9.00000000e+00 9.80000000e+01 2.00000000e+00
 3.38160000e+04 9.08262500e+01 2.00000000e+01 9.00000000e+00 9.80000000e+01 2.00000000e+00
 3.38160000e+04 9.08958333e+01 2.00000000e+01 8.00000000e+00 9.80000000e+01 2.00000000e+00
 3.38170000e+04 9.14158333e+01 1.90000000e+01 3.00000000e+00 9.40000000e+01 1.00000000e+00
 3.38170000e+04 9.15833333e+01 1.90000000e+01 1.20000000e+01 9.80000000e+01 2.00000000e+00
 3.38170000e+04 9.15970833e+01 1.90000000e+01 1.32000000e+02 9.01000000e+02 1.00000000e+00
 3.38170000e+04 9.17395833e+01 1.90000000e+01 3.00000000e+00 9.01000000e+02 1.00000000e+00
 3.38180000e+04 9.25345833e+01 1.90000000e+01 1.20000000e+01 9.80000000e+01 2.00000000e+00
 3.38180000e+04 9.25741667e+01 1.90000000e+01 2.00000000e+00 9.60000000e+01 2.00000000e+00
 3.38180000e+04 9.27187500e+01 1.90000000e+01 1.32000000e+02 9.40000000e+01 2.00000000e+00
 3.38180000e+04 9.27325000e+01 1.90000000e+01 9.00000000e+00 9.40000000e+01 2.00000000e+00
 3.38180000e+04 9.27595833e+01 1.90000000e+01 3.00000000e+00 9.01000000e+02 2.00000000e+00
 3.38190000e+04 9.35075000e+01 1.20000000e+01 8.00000000e+00 9.80000000e+01 2.00000000e+00
 3.38190000e+04 9.36387500e+01 1.20000000e+01 8.00000000e+00 9.80000000e+01 2.00000000e+00
 3.38190000e+04 9.37737500e+01 1.20000000e+01 8.00000000e+00 9.80000000e+01 2.00000000e+00
 3.38200000e+04 9.46008333e+01 1.10000000e+01 1.20000000e+01 9.01000000e+02 2.00000000e+00
 3.38200000e+04 9.46250000e+01 1.10000000e+01 1.20000000e+01 9.30000000e+01 2.00000000e+00
 3.38200000e+04 9.48241667e+01 1.10000000e+01 3.00000000e+00 9.01000000e+02 2.00000000e+00
 3.38210000e+04 9.54158333e+01 1.00000000e+01 3.00000000e+00 8.90000000e+01 2.00000000e+00
 3.38210000e+04 9.56050000e+01 1.00000000e+01 1.32000000e+02 9.80000000e+01 2.00000000e+00
 3.38210000e+04 9.56070833e+01 1.00000000e+01 1.20000000e+01 9.70000000e+01 2.00000000e+00
 3.38210000e+04 9.56270833e+01 1.00000000e+01 2.00000000e+00 9.40000000e+01 1.00000000e+00
 3.38220000e+04 9.65762500e+01 9.00000000e+00 9.00000000e+00 9.40000000e+01 2.00000000e+00
 3.38220000e+04 9.66270833e+01 9.00000000e+00 9.00000000e+00 9.40000000e+01 2.00000000e+00
 3.38230000e+04 9.75200000e+01 1.40000000e+01 1.20000000e+01 9.70000000e+01 2.00000000e+00
 3.38230000e+04 9.75679167e+01 1.40000000e+01 1.20000000e+01 9.70000000e+01 2.00000000e+00
 3.38230000e+04 9.75958333e+01 1.40000000e+01 3.00000000e+00 9.70000000e+01 2.00000000e+00
 3.38230000e+04 9.76450000e+01 1.40000000e+01 8.00000000e+00 9.80000000e+01 2.00000000e+00
 3.38230000e+04 9.77479167e+01 1.40000000e+01 9.00000000e+00 9.70000000e+01 2.00000000e+00
 3.38230000e+04 9.77479167e+01 1.40000000e+01 1.32000000e+02 9.70000000e+01 2.00000000e+00
 3.38230000e+04 9.77520833e+01 1.40000000e+01 9.00000000e+00 9.70000000e+01 2.00000000e+00
 3.38230000e+04 9.77729167e+01 1.40000000e+01 1.20000000e+01 9.60000000e+01 2.00000000e+00
 3.38240000e+04 9.83770833e+01 1.40000000e+01 3.00000000e+00 9.01000000e+02 1.00000000e+00
 3.38240000e+04 9.85479167e+01 1.40000000e+01 1.32000000e+02 8.90000000e+01 2.00000000e+00
 3.38240000e+04 9.86050000e+01 1.40000000e+01 3.00000000e+00 9.50000000e+01 1.00000000e+00
 3.38240000e+04 9.86987500e+01 1.40000000e+01 8.00000000e+00 9.80000000e+01 2.00000000e+00
 3.38250000e+04 9.95520833e+01 1.60000000e+01 9.00000000e+00 9.60000000e+01 2.00000000e+00
 3.38250000e+04 9.96075000e+01 1.60000000e+01 3.00000000e+00 9.30000000e+01 1.00000000e+00
 3.38250000e+04 9.97487500e+01 1.60000000e+01 3.00000000e+00 9.50000000e+01 1.00000000e+00
 3.38250000e+04 9.98041667e+01 1.60000000e+01 3.00000000e+00 9.10000000e+01 1.00000000e+00
 3.38260000e+04 1.00041667e+02 1.10000000e+01 1.20000000e+01 9.40000000e+01 2.00000000e+00
 3.38260000e+04 1.00645833e+02 1.10000000e+01 2.00000000e+00 9.01000000e+02 1.00000000e+00
 3.38260000e+04 1.00711250e+02 1.10000000e+01 1.20000000e+01 9.80000000e+01 2.00000000e+00
 3.38270000e+04 1.01582500e+02 1.20000000e+01 8.00000000e+00 9.80000000e+01 2.00000000e+00
 3.38270000e+04 1.01652917e+02 1.20000000e+01 1.32000000e+02 9.70000000e+01 2.00000000e+00
 3.38270000e+04 1.01659583e+02 1.20000000e+01 1.32000000e+02 9.40000000e+01 1.00000000e+00
 3.38270000e+04 1.01718750e+02 1.20000000e+01 1.20000000e+01 9.80000000e+01 2.00000000e+00
 3.38270000e+04 1.01750000e+02 1.20000000e+01 3.00000000e+00 9.80000000e+01 2.00000000e+00
 3.38280000e+04 1.02545000e+02 1.20000000e+01 8.00000000e+00 9.80000000e+01 2.00000000e+00
 3.38280000e+04 1.02613750e+02 1.20000000e+01 1.20000000e+01 9.10000000e+01 2.00000000e+00
 3.38280000e+04 1.02632083e+02 1.20000000e+01 9.00000000e+00 9.70000000e+01 1.00000000e+00
 3.38280000e+04 1.02657083e+02 1.20000000e+01 1.32000000e+02 9.40000000e+01 1.00000000e+00
 3.38290000e+04 1.03571667e+02 1.70000000e+01 2.00000000e+00 2.17000000e+02 2.00000000e+00
 3.38290000e+04 1.03604167e+02 1.70000000e+01 8.00000000e+00 9.80000000e+01 2.00000000e+00
 3.38290000e+04 1.03613750e+02 1.70000000e+01 1.32000000e+02 9.10000000e+01 1.00000000e+00
 3.38290000e+04 1.03676250e+02 1.70000000e+01 1.32000000e+02 9.30000000e+01 1.00000000e+00
 3.38290000e+04 1.03687500e+02 1.70000000e+01 1.20000000e+01 9.80000000e+01 2.00000000e+00
 3.38290000e+04 1.03708333e+02 1.70000000e+01 2.00000000e+00 9.01000000e+02 2.00000000e+00
 3.38290000e+04 1.03805000e+02 1.70000000e+01 1.20000000e+01 9.80000000e+01 2.00000000e+00
 3.38290000e+04 1.03813333e+02 1.70000000e+01 1.20000000e+01 9.70000000e+01 2.00000000e+00
 3.38300000e+04 1.04457500e+02 2.00000000e+01 8.00000000e+00 9.80000000e+01 2.00000000e+00
 3.38300000e+04 1.04488750e+02 2.00000000e+01 2.00000000e+00 9.01000000e+02 2.00000000e+00
 3.38300000e+04 1.04531250e+02 2.00000000e+01 8.00000000e+00 9.80000000e+01 2.00000000e+00
 3.38300000e+04 1.04621667e+02 2.00000000e+01 8.00000000e+00 9.80000000e+01 1.00000000e+00
 3.38300000e+04 1.04697917e+02 2.00000000e+01 2.00000000e+00 9.50000000e+01 2.00000000e+00
 3.38300000e+04 1.04753333e+02 2.00000000e+01 1.20000000e+01 9.10000000e+01 2.00000000e+00
 3.38300000e+04 1.04826250e+02 2.00000000e+01 3.00000000e+00 9.01000000e+02 1.00000000e+00
 3.38300000e+04 1.04849167e+02 2.00000000e+01 1.20000000e+01 9.80000000e+01 1.00000000e+00
 3.38310000e+04 1.05167500e+02 2.70000000e+01 1.20000000e+01 9.80000000e+01 2.00000000e+00
 3.38310000e+04 1.05505417e+02 2.70000000e+01 2.00000000e+00 9.40000000e+01 1.00000000e+00
 3.38310000e+04 1.05556250e+02 2.70000000e+01 1.20000000e+01 9.80000000e+01 2.00000000e+00
 3.38310000e+04 1.05569583e+02 2.70000000e+01 3.00000000e+00 9.80000000e+01 2.00000000e+00
 3.38310000e+04 1.05579167e+02 2.70000000e+01 3.00000000e+00 9.30000000e+01 1.00000000e+00
 3.38310000e+04 1.05590417e+02 2.70000000e+01 1.20000000e+01 9.30000000e+01 2.00000000e+00
 3.38310000e+04 1.05638750e+02 2.70000000e+01 1.20000000e+01 9.80000000e+01 2.00000000e+00
 3.38310000e+04 1.05647083e+02 2.70000000e+01 1.20000000e+01 9.10000000e+01 2.00000000e+00
 3.38310000e+04 1.05684167e+02 2.70000000e+01 1.31000000e+02 9.70000000e+01 2.00000000e+00
 3.38310000e+04 1.05730417e+02 2.70000000e+01 1.20000000e+01 9.60000000e+01 2.00000000e+00
 3.38310000e+04 1.05784583e+02 2.70000000e+01 3.00000000e+00 9.30000000e+01 1.00000000e+00
 3.38320000e+04 1.06261667e+02 2.90000000e+01 1.32000000e+02 9.40000000e+01 2.00000000e+00
 3.38320000e+04 1.06344583e+02 2.90000000e+01 9.00000000e+00 9.50000000e+01 2.00000000e+00
 3.38320000e+04 1.06520000e+02 2.90000000e+01 1.20000000e+01 9.40000000e+01 2.00000000e+00
 3.38320000e+04 1.06563750e+02 2.90000000e+01 1.20000000e+01 9.80000000e+01 2.00000000e+00
 3.38320000e+04 1.06593750e+02 2.90000000e+01 3.00000000e+00 9.10000000e+01 2.00000000e+00
 3.38320000e+04 1.06600833e+02 2.90000000e+01 9.00000000e+00 9.30000000e+01 2.00000000e+00
 3.38320000e+04 1.06620833e+02 2.90000000e+01 9.00000000e+00 9.60000000e+01 2.00000000e+00
 3.38320000e+04 1.06710417e+02 2.90000000e+01 3.00000000e+00 9.50000000e+01 1.00000000e+00
 3.38320000e+04 1.06742500e+02 2.90000000e+01 2.00000000e+00 9.10000000e+01 2.00000000e+00
 3.38320000e+04 1.06790833e+02 2.90000000e+01 9.00000000e+00 9.40000000e+01 2.00000000e+00
 3.38330000e+04 1.07581250e+02 2.60000000e+01 2.00000000e+00 9.80000000e+01 2.00000000e+00
 3.38330000e+04 1.07753333e+02 2.60000000e+01 8.00000000e+00 9.70000000e+01 2.00000000e+00
 3.38330000e+04 1.07755417e+02 2.60000000e+01 9.00000000e+00 9.60000000e+01 2.00000000e+00
 3.38330000e+04 1.07784583e+02 2.60000000e+01 9.00000000e+00 9.10000000e+01 1.00000000e+00
 3.38330000e+04 1.07854167e+02 2.60000000e+01 9.00000000e+00 9.60000000e+01 2.00000000e+00
 3.38340000e+04 1.08625000e+02 2.00000000e+01 1.32000000e+02 9.30000000e+01 2.00000000e+00
 3.38340000e+04 1.08648750e+02 2.00000000e+01 8.00000000e+00 9.80000000e+01 2.00000000e+00
 3.38340000e+04 1.08696667e+02 2.00000000e+01 9.00000000e+00 9.40000000e+01 2.00000000e+00
 3.38340000e+04 1.08805417e+02 2.00000000e+01 1.32000000e+02 9.60000000e+01 2.00000000e+00
 3.38340000e+04 1.08809167e+02 2.00000000e+01 3.00000000e+00 9.01000000e+02 1.00000000e+00
 3.38350000e+04 1.09322917e+02 1.60000000e+01 1.32000000e+02 9.01000000e+02 1.00000000e+00
 3.38350000e+04 1.09402917e+02 1.60000000e+01 3.00000000e+00 9.01000000e+02 1.00000000e+00
 3.38350000e+04 1.09507083e+02 1.60000000e+01 3.00000000e+00 9.02000000e+02 1.00000000e+00
 3.38350000e+04 1.09630000e+02 1.60000000e+01 8.00000000e+00 9.80000000e+01 2.00000000e+00
 3.38350000e+04 1.09639583e+02 1.60000000e+01 1.32000000e+02 9.40000000e+01 2.00000000e+00
 3.38350000e+04 1.09642917e+02 1.60000000e+01 3.00000000e+00 9.01000000e+02 1.00000000e+00
 3.38360000e+04 1.10441667e+02 1.80000000e+01 1.20000000e+01 9.30000000e+01 2.00000000e+00
 3.38360000e+04 1.10527917e+02 1.80000000e+01 8.00000000e+00 9.70000000e+01 2.00000000e+00
 3.38360000e+04 1.10634583e+02 1.80000000e+01 1.20000000e+01 9.80000000e+01 2.00000000e+00
 3.38360000e+04 1.10666667e+02 1.80000000e+01 3.00000000e+00 9.10000000e+01 1.00000000e+00
 3.38360000e+04 1.10729167e+02 1.80000000e+01 9.00000000e+00 9.80000000e+01 2.00000000e+00
 3.38360000e+04 1.10770000e+02 1.80000000e+01 1.32000000e+02 9.50000000e+01 2.00000000e+00
 3.38360000e+04 1.10822083e+02 1.80000000e+01 3.00000000e+00 9.30000000e+01 1.00000000e+00
 3.38370000e+04 1.11541667e+02 1.80000000e+01 8.00000000e+00 9.80000000e+01 2.00000000e+00
 3.38370000e+04 1.11586250e+02 1.80000000e+01 1.20000000e+01 9.80000000e+01 2.00000000e+00
 3.38370000e+04 1.11689583e+02 1.80000000e+01 9.00000000e+00 9.02000000e+02 1.00000000e+00
 3.38370000e+04 1.11728333e+02 1.80000000e+01 1.32000000e+02 9.30000000e+01 1.00000000e+00
 3.38370000e+04 1.11842500e+02 1.80000000e+01 2.00000000e+00 9.30000000e+01 1.00000000e+00
 3.38380000e+04 1.12436250e+02 2.30000000e+01 8.00000000e+00 9.80000000e+01 2.00000000e+00
 3.38380000e+04 1.12523750e+02 2.30000000e+01 3.00000000e+00 9.40000000e+01 1.00000000e+00
 3.38380000e+04 1.12532500e+02 2.30000000e+01 1.32000000e+02 9.30000000e+01 1.00000000e+00
 3.38380000e+04 1.12562500e+02 2.30000000e+01 8.00000000e+00 9.80000000e+01 2.00000000e+00
 3.38380000e+04 1.12574167e+02 2.30000000e+01 9.00000000e+00 9.80000000e+01 2.00000000e+00
 3.38380000e+04 1.12575000e+02 2.30000000e+01 3.00000000e+00 9.01000000e+02 1.00000000e+00
 3.38380000e+04 1.12583333e+02 2.30000000e+01 3.00000000e+00 2.17000000e+02 1.00000000e+00
 3.38380000e+04 1.12590417e+02 2.30000000e+01 1.20000000e+01 9.80000000e+01 2.00000000e+00
 3.38380000e+04 1.12627083e+02 2.30000000e+01 1.20000000e+01 9.80000000e+01 2.00000000e+00
 3.38380000e+04 1.12661667e+02 2.30000000e+01 1.32000000e+02 9.70000000e+01 2.00000000e+00
 3.38380000e+04 1.12810417e+02 2.30000000e+01 8.00000000e+00 9.10000000e+01 1.00000000e+00
 3.38390000e+04 1.13623750e+02 1.90000000e+01 1.20000000e+01 9.10000000e+01 2.00000000e+00
 3.38390000e+04 1.13666667e+02 1.90000000e+01 1.20000000e+01 9.70000000e+01 2.00000000e+00
 3.38390000e+04 1.13676250e+02 1.90000000e+01 3.00000000e+00 9.80000000e+01 2.00000000e+00
 3.38400000e+04 1.14496667e+02 1.70000000e+01 8.00000000e+00 9.60000000e+01 2.00000000e+00
 3.38400000e+04 1.14628333e+02 1.70000000e+01 3.00000000e+00 9.80000000e+01 2.00000000e+00
 3.38400000e+04 1.14750000e+02 1.70000000e+01 1.20000000e+01 9.80000000e+01 2.00000000e+00
 3.38410000e+04 1.15607500e+02 1.20000000e+01 1.20000000e+01 9.80000000e+01 2.00000000e+00
 3.38410000e+04 1.15635417e+02 1.20000000e+01 1.32000000e+02 9.80000000e+01 2.00000000e+00
 3.38410000e+04 1.15728333e+02 1.20000000e+01 9.00000000e+00 9.80000000e+01 2.00000000e+00
 3.38410000e+04 1.15766667e+02 1.20000000e+01 1.32000000e+02 9.40000000e+01 2.00000000e+00
 3.38410000e+04 1.15916667e+02 1.20000000e+01 3.00000000e+00 9.80000000e+01 2.00000000e+00
 3.38410000e+04 1.15957083e+02 1.20000000e+01 1.20000000e+01 9.80000000e+01 2.00000000e+00
 3.38420000e+04 1.16625000e+02 1.10000000e+01 1.20000000e+01 9.80000000e+01 2.00000000e+00
 3.38420000e+04 1.16677083e+02 1.10000000e+01 1.32000000e+02 9.80000000e+01 2.00000000e+00
 3.38430000e+04 1.17465417e+02 1.40000000e+01 1.20000000e+01 9.50000000e+01 2.00000000e+00
 3.38430000e+04 1.17492500e+02 1.40000000e+01 3.00000000e+00 9.10000000e+01 1.00000000e+00
 3.38430000e+04 1.17595000e+02 1.40000000e+01 1.32000000e+02 9.80000000e+01 2.00000000e+00
 3.38430000e+04 1.17703333e+02 1.40000000e+01 1.32000000e+02 9.01000000e+02 2.00000000e+00
 3.38430000e+04 1.17716667e+02 1.40000000e+01 1.20000000e+01 9.80000000e+01 2.00000000e+00
 3.38430000e+04 1.17784583e+02 1.40000000e+01 1.20000000e+01 9.80000000e+01 2.00000000e+00
 3.38450000e+04 1.19480000e+02 9.00000000e+00 3.00000000e+00 9.40000000e+01 2.00000000e+00
 3.38450000e+04 1.19551250e+02 9.00000000e+00 1.20000000e+01 9.40000000e+01 2.00000000e+00
 3.38450000e+04 1.19632083e+02 9.00000000e+00 2.00000000e+00 9.40000000e+01 1.00000000e+00
 3.38490000e+04 1.23532083e+02 2.00000000e+00 1.32000000e+02 9.80000000e+01 1.00000000e+00
 3.38490000e+04 1.23750000e+02 2.00000000e+00 1.20000000e+01 9.80000000e+01 2.00000000e+00
 3.38500000e+04 1.24728333e+02 4.00000000e+00 1.32000000e+02 9.10000000e+01 2.00000000e+00
 3.38500000e+04 1.24742500e+02 4.00000000e+00 2.00000000e+00 9.01000000e+02 2.00000000e+00
 3.38510000e+04 1.25529167e+02 8.00000000e+00 3.00000000e+00 9.30000000e+01 2.00000000e+00
 3.38510000e+04 1.25628333e+02 8.00000000e+00 3.00000000e+00 9.80000000e+01 2.00000000e+00
 3.38510000e+04 1.25641667e+02 8.00000000e+00 1.32000000e+02 9.10000000e+01 1.00000000e+00
 3.38510000e+04 1.25775000e+02 8.00000000e+00 1.32000000e+02 9.30000000e+01 1.00000000e+00
 3.38520000e+04 1.26692917e+02 7.00000000e+00 3.00000000e+00 9.80000000e+01 2.00000000e+00
 3.38540000e+04 1.28684167e+02 2.00000000e+00 1.20000000e+01 9.60000000e+01 2.00000000e+00
 3.38570000e+04 1.31638750e+02 1.00000000e+00 9.00000000e+00 9.01000000e+02 2.00000000e+00
 3.38580000e+04 1.32493750e+02 4.00000000e+00 3.00000000e+00 9.01000000e+02 2.00000000e+00
 3.38580000e+04 1.32590417e+02 4.00000000e+00 1.32000000e+02 9.70000000e+01 1.00000000e+00
 3.38580000e+04 1.32782083e+02 4.00000000e+00 3.00000000e+00 9.01000000e+02 2.00000000e+00
 3.38590000e+04 1.33581250e+02 9.00000000e+00 1.32000000e+02 9.10000000e+01 2.00000000e+00
 3.38590000e+04 1.33593750e+02 9.00000000e+00 1.20000000e+01 9.80000000e+01 2.00000000e+00
 3.38590000e+04 1.33612500e+02 9.00000000e+00 3.00000000e+00 9.01000000e+02 1.00000000e+00
 3.38590000e+04 1.33766667e+02 9.00000000e+00 3.00000000e+00 9.01000000e+02 1.00000000e+00
 3.38590000e+04 1.33797917e+02 9.00000000e+00 1.32000000e+02 9.10000000e+01 1.00000000e+00
 3.38600000e+04 1.34354167e+02 1.10000000e+01 3.00000000e+00 9.70000000e+01 1.00000000e+00
 3.38600000e+04 1.34687500e+02 1.10000000e+01 1.31000000e+02 9.40000000e+01 1.00000000e+00
 3.38600000e+04 1.34809167e+02 1.10000000e+01 1.32000000e+02 9.80000000e+01 2.00000000e+00
 3.38610000e+04 1.35678333e+02 9.00000000e+00 9.00000000e+00 9.80000000e+01 2.00000000e+00
 3.38620000e+04 1.36572917e+02 8.00000000e+00 8.00000000e+00 9.80000000e+01 2.00000000e+00
 3.38620000e+04 1.36755417e+02 8.00000000e+00 3.00000000e+00 9.40000000e+01 2.00000000e+00
 3.38620000e+04 1.36867500e+02 8.00000000e+00 9.00000000e+00 9.80000000e+01 2.00000000e+00
 3.38620000e+04 1.36895833e+02 8.00000000e+00 2.00000000e+00 9.60000000e+01 1.00000000e+00
 3.38630000e+04 1.37652083e+02 8.00000000e+00 1.20000000e+01 9.80000000e+01 2.00000000e+00
 3.38630000e+04 1.37704167e+02 8.00000000e+00 1.20000000e+01 9.80000000e+01 2.00000000e+00
 3.38630000e+04 1.37795000e+02 8.00000000e+00 9.00000000e+00 9.60000000e+01 1.00000000e+00
 3.38640000e+04 1.38705417e+02 9.00000000e+00 1.20000000e+01 9.80000000e+01 2.00000000e+00
 3.38640000e+04 1.38738750e+02 9.00000000e+00 2.00000000e+00 9.40000000e+01 1.00000000e+00
 3.38650000e+04 1.39607500e+02 6.00000000e+00 1.32000000e+02 9.40000000e+01 2.00000000e+00
 3.38660000e+04 1.40638750e+02 4.00000000e+00 1.32000000e+02 9.80000000e+01 1.00000000e+00
 3.38670000e+04 1.41479167e+02 4.00000000e+00 1.20000000e+01 9.80000000e+01 2.00000000e+00
 3.38670000e+04 1.41803333e+02 4.00000000e+00 9.00000000e+00 9.10000000e+01 2.00000000e+00
 3.38680000e+04 1.42590417e+02 5.00000000e+00 1.20000000e+01 9.70000000e+01 1.00000000e+00
 3.38680000e+04 1.42625833e+02 5.00000000e+00 8.00000000e+00 9.60000000e+01 1.00000000e+00
 3.38690000e+04 1.43527083e+02 5.00000000e+00 3.00000000e+00 9.80000000e+01 2.00000000e+00
 3.38710000e+04 1.45402917e+02 4.00000000e+00 1.20000000e+01 9.10000000e+01 2.00000000e+00
 3.38710000e+04 1.45559167e+02 4.00000000e+00 9.00000000e+00 9.01000000e+02 2.00000000e+00
 3.38710000e+04 1.45775000e+02 4.00000000e+00 1.20000000e+01 9.60000000e+01 2.00000000e+00
 3.38730000e+04 1.47388750e+02 5.00000000e+00 8.00000000e+00 9.01000000e+02 2.00000000e+00
 3.38730000e+04 1.47621667e+02 5.00000000e+00 1.20000000e+01 9.40000000e+01 2.00000000e+00
