 3.66170000e+04 6.32083333e-01 2.00000000e+00 1.32000000e+02 9.70000000e+01 2.00000000e+00
 3.66170000e+04 8.54166667e-01 2.00000000e+00 1.20000000e+01 9.40000000e+01 2.00000000e+00
 3.66180000e+04 1.83625000e+00 3.00000000e+00 3.00000000e+00 9.80000000e+01 2.00000000e+00
 3.66220000e+04 5.28125000e+00 2.00000000e+00 1.20000000e+01 9.40000000e+01 2.00000000e+00
 3.66220000e+04 5.72583333e+00 2.00000000e+00 2.00000000e+00 9.01000000e+02 2.00000000e+00
 3.66250000e+04 8.42916667e+00 1.00000000e+00 1.20000000e+01 9.70000000e+01 2.00000000e+00
 3.66260000e+04 9.60291667e+00 2.00000000e+00 2.00000000e+00 9.40000000e+01 2.00000000e+00
 3.66270000e+04 1.04195833e+01 3.00000000e+00 8.00000000e+00 9.80000000e+01 2.00000000e+00
 3.66280000e+04 1.14779167e+01 4.00000000e+00 1.20000000e+01 9.80000000e+01 2.00000000e+00
 3.66280000e+04 1.17845833e+01 4.00000000e+00 1.20000000e+01 9.80000000e+01 2.00000000e+00
 3.66290000e+04 1.25966667e+01 5.00000000e+00 1.20000000e+01 9.80000000e+01 2.00000000e+00
 3.66290000e+04 1.27112500e+01 5.00000000e+00 2.00000000e+00 9.70000000e+01 2.00000000e+00
 3.66300000e+04 1.34904167e+01 7.00000000e+00 1.20000000e+01 9.70000000e+01 2.00000000e+00
 3.66300000e+04 1.35479167e+01 7.00000000e+00 1.32000000e+02 9.80000000e+01 2.00000000e+00
 3.66300000e+04 1.37112500e+01 7.00000000e+00 2.00000000e+00 9.80000000e+01 2.00000000e+00
 3.66310000e+04 1.43083333e+01 1.00000000e+01 2.00000000e+00 9.10000000e+01 2.00000000e+00
 3.66310000e+04 1.45279167e+01 1.00000000e+01 1.20000000e+01 9.80000000e+01 2.00000000e+00
 3.66310000e+04 1.45833333e+01 1.00000000e+01 3.00000000e+00 9.80000000e+01 2.00000000e+00
 3.66310000e+04 1.46304167e+01 1.00000000e+01 1.20000000e+01 9.80000000e+01 2.00000000e+00
 3.66310000e+04 1.46687500e+01 1.00000000e+01 1.20000000e+01 9.80000000e+01 2.00000000e+00
 3.66320000e+04 1.56762500e+01 1.00000000e+01 8.00000000e+00 9.80000000e+01 2.00000000e+00
 3.66320000e+04 1.57637500e+01 1.00000000e+01 9.00000000e+00 9.80000000e+01 2.00000000e+00
 3.66330000e+04 1.64408333e+01 1.10000000e+01 1.20000000e+01 9.80000000e+01 2.00000000e+00
 3.66330000e+04 1.64575000e+01 1.10000000e+01 1.20000000e+01 9.80000000e+01 2.00000000e+00
 3.66330000e+04 1.66175000e+01 1.10000000e+01 1.32000000e+02 9.80000000e+01 2.00000000e+00
 3.66330000e+04 1.67762500e+01 1.10000000e+01 3.00000000e+00 9.30000000e+01 2.00000000e+00
 3.66340000e+04 1.73854167e+01 1.20000000e+01 1.20000000e+01 9.70000000e+01 2.00000000e+00
 3.66340000e+04 1.73887500e+01 1.20000000e+01 9.00000000e+00 9.10000000e+01 2.00000000e+00
 3.66340000e+04 1.75625000e+01 1.20000000e+01 8.00000000e+00 9.80000000e+01 2.00000000e+00
 3.66340000e+04 1.76729167e+01 1.20000000e+01 8.00000000e+00 9.80000000e+01 2.00000000e+00
 3.66340000e+04 1.76762500e+01 1.20000000e+01 1.20000000e+01 9.80000000e+01 2.00000000e+00
 3.66340000e+04 1.78000000e+01 1.20000000e+01 1.32000000e+02 9.01000000e+02 2.00000000e+00
 3.66350000e+04 1.85137500e+01 1.40000000e+01 8.00000000e+00 9.30000000e+01 2.00000000e+00
 3.66350000e+04 1.85591667e+01 1.40000000e+01 1.20000000e+01 9.80000000e+01 2.00000000e+00
 3.66350000e+04 1.86487500e+01 1.40000000e+01 8.00000000e+00 9.80000000e+01 2.00000000e+00
 3.66350000e+04 1.87979167e+01 1.40000000e+01 8.00000000e+00 9.80000000e+01 2.00000000e+00
 3.66360000e+04 1.95720833e+01 1.50000000e+01 1.20000000e+01 9.10000000e+01 2.00000000e+00
 3.66360000e+04 1.96104167e+01 1.50000000e+01 8.00000000e+00 9.80000000e+01 2.00000000e+00
 3.66360000e+04 1.97125000e+01 1.50000000e+01 1.20000000e+01 9.80000000e+01 2.00000000e+00
 3.66360000e+04 1.98029167e+01 1.50000000e+01 1.20000000e+01 9.80000000e+01 2.00000000e+00
 3.66360000e+04 1.98091667e+01 1.50000000e+01 8.00000000e+00 9.70000000e+01 2.00000000e+00
 3.66370000e+04 2.05104167e+01 1.30000000e+01 1.20000000e+01 9.70000000e+01 2.00000000e+00
 3.66370000e+04 2.06137500e+01 1.30000000e+01 1.32000000e+02 9.70000000e+01 2.00000000e+00
 3.66370000e+04 2.06416667e+01 1.30000000e+01 9.00000000e+00 9.60000000e+01 2.00000000e+00
 3.66370000e+04 2.06800000e+01 1.30000000e+01 1.20000000e+01 9.60000000e+01 2.00000000e+00
 3.66380000e+04 2.17679167e+01 1.10000000e+01 1.32000000e+02 9.10000000e+01 2.00000000e+00
 3.66380000e+04 2.17779167e+01 1.10000000e+01 1.20000000e+01 9.30000000e+01 2.00000000e+00
 3.66390000e+04 2.24875000e+01 9.00000000e+00 3.00000000e+00 9.70000000e+01 2.00000000e+00
 3.66390000e+04 2.25833333e+01 9.00000000e+00 3.00000000e+00 9.10000000e+01 2.00000000e+00
 3.66390000e+04 2.27700000e+01 9.00000000e+00 1.32000000e+02 9.30000000e+01 2.00000000e+00
 3.66400000e+04 2.35029167e+01 1.20000000e+01 8.00000000e+00 9.80000000e+01 2.00000000e+00
 3.66400000e+04 2.35825000e+01 1.20000000e+01 1.20000000e+01 9.60000000e+01 2.00000000e+00
 3.66400000e+04 2.36841667e+01 1.20000000e+01 1.20000000e+01 9.60000000e+01 2.00000000e+00
 3.66400000e+04 2.36875000e+01 1.20000000e+01 8.00000000e+00 9.70000000e+01 2.00000000e+00
 3.66400000e+04 2.36908333e+01 1.20000000e+01 8.00000000e+00 9.80000000e+01 2.00000000e+00
 3.66400000e+04 2.37908333e+01 1.20000000e+01 8.00000000e+00 9.80000000e+01 2.00000000e+00
 3.66400000e+04 2.38887500e+01 1.20000000e+01 8.00000000e+00 9.80000000e+01 2.00000000e+00
 3.66410000e+04 2.43750000e+01 2.50000000e+01 8.00000000e+00 9.80000000e+01 2.00000000e+00
 3.66410000e+04 2.44145833e+01 2.50000000e+01 1.20000000e+01 9.70000000e+01 2.00000000e+00
 3.66410000e+04 2.45366667e+01 2.50000000e+01 2.00000000e+00 9.40000000e+01 2.00000000e+00
 3.66410000e+04 2.45529167e+01 2.50000000e+01 1.20000000e+01 9.80000000e+01 2.00000000e+00
 3.66410000e+04 2.46195833e+01 2.50000000e+01 1.20000000e+01 9.70000000e+01 2.00000000e+00
 3.66410000e+04 2.46208333e+01 2.50000000e+01 9.00000000e+00 9.70000000e+01 2.00000000e+00
 3.66410000e+04 2.46700000e+01 2.50000000e+01 8.00000000e+00 9.80000000e+01 2.00000000e+00
 3.66410000e+04 2.46945833e+01 2.50000000e+01 1.20000000e+01 9.60000000e+01 2.00000000e+00
 3.66410000e+04 2.47279167e+01 2.50000000e+01 9.00000000e+00 9.40000000e+01 2.00000000e+00
 3.66410000e+04 2.47354167e+01 2.50000000e+01 9.00000000e+00 9.10000000e+01 2.00000000e+00
 3.66410000e+04 2.47458333e+01 2.50000000e+01 9.00000000e+00 9.60000000e+01 2.00000000e+00
 3.66410000e+04 2.47666667e+01 2.50000000e+01 1.20000000e+01 9.80000000e+01 2.00000000e+00
 3.66410000e+04 2.47695833e+01 2.50000000e+01 2.00000000e+00 9.80000000e+01 2.00000000e+00
 3.66410000e+04 2.48050000e+01 2.50000000e+01 8.00000000e+00 9.80000000e+01 2.00000000e+00
 3.66410000e+04 2.48333333e+01 2.50000000e+01 1.20000000e+01 9.80000000e+01 2.00000000e+00
 3.66420000e+04 2.55054167e+01 4.00000000e+01 1.20000000e+01 9.70000000e+01 2.00000000e+00
 3.66420000e+04 2.55383333e+01 4.00000000e+01 8.00000000e+00 9.70000000e+01 2.00000000e+00
 3.66420000e+04 2.55429167e+01 4.00000000e+01 8.00000000e+00 9.80000000e+01 2.00000000e+00
 3.66420000e+04 2.55791667e+01 4.00000000e+01 1.20000000e+01 9.80000000e+01 2.00000000e+00
 3.66420000e+04 2.55825000e+01 4.00000000e+01 9.00000000e+00 9.30000000e+01 2.00000000e+00
 3.66420000e+04 2.56050000e+01 4.00000000e+01 1.20000000e+01 9.80000000e+01 2.00000000e+00
 3.66420000e+04 2.56095833e+01 4.00000000e+01 3.00000000e+00 9.80000000e+01 2.00000000e+00
 3.66420000e+04 2.56283333e+01 4.00000000e+01 1.20000000e+01 9.10000000e+01 2.00000000e+00
 3.66420000e+04 2.56325000e+01 4.00000000e+01 2.00000000e+00 9.50000000e+01 2.00000000e+00
 3.66420000e+04 2.56470833e+01 4.00000000e+01 1.32000000e+02 9.30000000e+01 2.00000000e+00
 3.66420000e+04 2.56562500e+01 4.00000000e+01 1.20000000e+01 9.80000000e+01 2.00000000e+00
 3.66420000e+04 2.56925000e+01 4.00000000e+01 1.20000000e+01 9.10000000e+01 2.00000000e+00
 3.66420000e+04 2.56966667e+01 4.00000000e+01 1.20000000e+01 9.60000000e+01 2.00000000e+00
 3.66420000e+04 2.57041667e+01 4.00000000e+01 1.20000000e+01 9.40000000e+01 2.00000000e+00
 3.66420000e+04 2.57154167e+01 4.00000000e+01 9.00000000e+00 9.10000000e+01 2.00000000e+00
 3.66420000e+04 2.57154167e+01 4.00000000e+01 1.20000000e+01 9.80000000e+01 2.00000000e+00
 3.66420000e+04 2.57708333e+01 4.00000000e+01 1.20000000e+01 9.40000000e+01 2.00000000e+00
 3.66420000e+04 2.57716667e+01 4.00000000e+01 1.32000000e+02 9.70000000e+01 2.00000000e+00
 3.66430000e+04 2.64583333e+01 4.90000000e+01 3.00000000e+00 9.80000000e+01 2.00000000e+00
 3.66430000e+04 2.65804167e+01 4.90000000e+01 1.20000000e+01 9.70000000e+01 2.00000000e+00
 3.66430000e+04 2.65825000e+01 4.90000000e+01 1.32000000e+02 9.80000000e+01 2.00000000e+00
 3.66430000e+04 2.65970833e+01 4.90000000e+01 8.00000000e+00 9.80000000e+01 2.00000000e+00
 3.66430000e+04 2.66104167e+01 4.90000000e+01 1.20000000e+01 9.80000000e+01 2.00000000e+00
 3.66430000e+04 2.66125000e+01 4.90000000e+01 8.00000000e+00 9.80000000e+01 2.00000000e+00
 3.66430000e+04 2.66137500e+01 4.90000000e+01 9.00000000e+00 9.60000000e+01 2.00000000e+00
 3.66430000e+04 2.66362500e+01 4.90000000e+01 9.00000000e+00 9.70000000e+01 2.00000000e+00
 3.66430000e+04 2.66729167e+01 4.90000000e+01 1.32000000e+02 9.80000000e+01 2.00000000e+00
 3.66430000e+04 2.66875000e+01 4.90000000e+01 1.20000000e+01 9.80000000e+01 2.00000000e+00
 3.66430000e+04 2.67112500e+01 4.90000000e+01 1.20000000e+01 9.80000000e+01 2.00000000e+00
 3.66430000e+04 2.67125000e+01 4.90000000e+01 1.20000000e+01 9.60000000e+01 2.00000000e+00
 3.66430000e+04 2.67354167e+01 4.90000000e+01 1.20000000e+01 9.80000000e+01 2.00000000e+00
 3.66430000e+04 2.67700000e+01 4.90000000e+01 3.00000000e+00 9.80000000e+01 2.00000000e+00
 3.66430000e+04 2.68508333e+01 4.90000000e+01 2.00000000e+00 9.01000000e+02 2.00000000e+00
 3.66430000e+04 2.69133333e+01 4.90000000e+01 3.00000000e+00 9.80000000e+01 2.00000000e+00
 3.66440000e+04 2.73862500e+01 5.00000000e+01 8.00000000e+00 9.80000000e+01 2.00000000e+00
 3.66440000e+04 2.74512500e+01 5.00000000e+01 1.20000000e+01 9.10000000e+01 2.00000000e+00
 3.66440000e+04 2.74575000e+01 5.00000000e+01 3.00000000e+00 9.80000000e+01 2.00000000e+00
 3.66440000e+04 2.74575000e+01 5.00000000e+01 8.00000000e+00 9.80000000e+01 2.00000000e+00
 3.66440000e+04 2.74583333e+01 5.00000000e+01 1.20000000e+01 9.80000000e+01 2.00000000e+00
 3.66440000e+04 2.74583333e+01 5.00000000e+01 8.00000000e+00 9.80000000e+01 2.00000000e+00
 3.66440000e+04 2.75445833e+01 5.00000000e+01 1.20000000e+01 9.80000000e+01 2.00000000e+00
 3.66440000e+04 2.75883333e+01 5.00000000e+01 8.00000000e+00 9.80000000e+01 2.00000000e+00
 3.66440000e+04 2.76050000e+01 5.00000000e+01 8.00000000e+00 9.80000000e+01 2.00000000e+00
 3.66440000e+04 2.76104167e+01 5.00000000e+01 1.20000000e+01 9.80000000e+01 2.00000000e+00
 3.66440000e+04 2.76250000e+01 5.00000000e+01 1.20000000e+01 9.80000000e+01 2.00000000e+00
 3.66440000e+04 2.76979167e+01 5.00000000e+01 8.00000000e+00 9.80000000e+01 2.00000000e+00
 3.66440000e+04 2.77125000e+01 5.00000000e+01 9.00000000e+00 9.80000000e+01 2.00000000e+00
 3.66440000e+04 2.77166667e+01 5.00000000e+01 8.00000000e+00 9.80000000e+01 2.00000000e+00
 3.66440000e+04 2.77779167e+01 5.00000000e+01 8.00000000e+00 9.80000000e+01 2.00000000e+00
 3.66440000e+04 2.78645833e+01 5.00000000e+01 8.00000000e+00 9.80000000e+01 2.00000000e+00
 3.66450000e+04 2.83845833e+01 4.00000000e+01 3.00000000e+00 9.80000000e+01 2.00000000e+00
 3.66450000e+04 2.85312500e+01 4.00000000e+01 1.20000000e+01 9.80000000e+01 2.00000000e+00
 3.66450000e+04 2.85729167e+01 4.00000000e+01 8.00000000e+00 9.80000000e+01 2.00000000e+00
 3.66450000e+04 2.86137500e+01 4.00000000e+01 1.20000000e+01 9.80000000e+01 2.00000000e+00
 3.66450000e+04 2.86137500e+01 4.00000000e+01 8.00000000e+00 9.80000000e+01 2.00000000e+00
 3.66450000e+04 2.86354167e+01 4.00000000e+01 8.00000000e+00 9.80000000e+01 2.00000000e+00
 3.66450000e+04 2.87450000e+01 4.00000000e+01 9.00000000e+00 9.01000000e+02 2.00000000e+00
 3.66450000e+04 2.87779167e+01 4.00000000e+01 9.00000000e+00 9.80000000e+01 2.00000000e+00
 3.66460000e+04 2.95216667e+01 3.90000000e+01 9.00000000e+00 9.80000000e+01 2.00000000e+00
 3.66460000e+04 2.95625000e+01 3.90000000e+01 1.20000000e+01 9.80000000e+01 2.00000000e+00
 3.66460000e+04 2.95762500e+01 3.90000000e+01 3.00000000e+00 9.80000000e+01 2.00000000e+00
 3.66460000e+04 2.96075000e+01 3.90000000e+01 8.00000000e+00 9.80000000e+01 2.00000000e+00
 3.66460000e+04 2.96158333e+01 3.90000000e+01 3.00000000e+00 9.80000000e+01 2.00000000e+00
 3.66460000e+04 2.96500000e+01 3.90000000e+01 1.20000000e+01 9.80000000e+01 2.00000000e+00
 3.66460000e+04 2.96654167e+01 3.90000000e+01 8.00000000e+00 9.80000000e+01 2.00000000e+00
 3.66460000e+04 2.96658333e+01 3.90000000e+01 1.20000000e+01 9.80000000e+01 2.00000000e+00
 3.66460000e+04 2.96720833e+01 3.90000000e+01 9.00000000e+00 9.80000000e+01 2.00000000e+00
 3.66460000e+04 2.96729167e+01 3.90000000e+01 3.00000000e+00 9.10000000e+01 2.00000000e+00
 3.66460000e+04 2.96741667e+01 3.90000000e+01 9.00000000e+00 9.60000000e+01 2.00000000e+00
 3.66460000e+04 2.96770833e+01 3.90000000e+01 2.00000000e+00 9.80000000e+01 2.00000000e+00
 3.66460000e+04 2.97187500e+01 3.90000000e+01 1.20000000e+01 9.80000000e+01 2.00000000e+00
 3.66460000e+04 2.97200000e+01 3.90000000e+01 1.20000000e+01 9.60000000e+01 2.00000000e+00
 3.66460000e+04 2.97425000e+01 3.90000000e+01 1.20000000e+01 9.80000000e+01 2.00000000e+00
 3.66470000e+04 3.04341667e+01 3.20000000e+01 1.32000000e+02 9.80000000e+01 2.00000000e+00
 3.66470000e+04 3.04375000e+01 3.20000000e+01 9.00000000e+00 9.80000000e+01 2.00000000e+00
 3.66470000e+04 3.05408333e+01 3.20000000e+01 8.00000000e+00 9.80000000e+01 2.00000000e+00
 3.66470000e+04 3.05479167e+01 3.20000000e+01 3.00000000e+00 9.80000000e+01 2.00000000e+00
 3.66470000e+04 3.06383333e+01 3.20000000e+01 1.20000000e+01 9.80000000e+01 2.00000000e+00
 3.66470000e+04 3.07112500e+01 3.20000000e+01 9.00000000e+00 9.70000000e+01 2.00000000e+00
 3.66470000e+04 3.07700000e+01 3.20000000e+01 8.00000000e+00 9.80000000e+01 2.00000000e+00
 3.66470000e+04 3.08125000e+01 3.20000000e+01 1.20000000e+01 9.80000000e+01 2.00000000e+00
 3.66470000e+04 3.08533333e+01 3.20000000e+01 1.20000000e+01 9.80000000e+01 2.00000000e+00
 3.66480000e+04 3.15708333e+01 3.20000000e+01 8.00000000e+00 9.70000000e+01 2.00000000e+00
 3.66480000e+04 3.15762500e+01 3.20000000e+01 1.32000000e+02 9.70000000e+01 2.00000000e+00
 3.66480000e+04 3.16175000e+01 3.20000000e+01 8.00000000e+00 9.70000000e+01 2.00000000e+00
 3.66480000e+04 3.16529167e+01 3.20000000e+01 8.00000000e+00 9.80000000e+01 2.00000000e+00
 3.66480000e+04 3.16841667e+01 3.20000000e+01 2.00000000e+00 9.70000000e+01 2.00000000e+00
 3.66480000e+04 3.17387500e+01 3.20000000e+01 8.00000000e+00 9.80000000e+01 2.00000000e+00
 3.66480000e+04 3.18216667e+01 3.20000000e+01 9.00000000e+00 9.60000000e+01 2.00000000e+00
 3.66480000e+04 3.18541667e+01 3.20000000e+01 1.20000000e+01 9.80000000e+01 2.00000000e+00
 3.66490000e+04 3.24395833e+01 3.80000000e+01 8.00000000e+00 9.30000000e+01 2.00000000e+00
 3.66490000e+04 3.24720833e+01 3.80000000e+01 9.00000000e+00 9.80000000e+01 2.00000000e+00
 3.66490000e+04 3.24966667e+01 3.80000000e+01 1.20000000e+01 9.40000000e+01 2.00000000e+00
 3.66490000e+04 3.24966667e+01 3.80000000e+01 8.00000000e+00 9.80000000e+01 2.00000000e+00
 3.66490000e+04 3.25000000e+01 3.80000000e+01 3.00000000e+00 9.80000000e+01 2.00000000e+00
 3.66490000e+04 3.25250000e+01 3.80000000e+01 1.32000000e+02 9.80000000e+01 2.00000000e+00
 3.66490000e+04 3.25450000e+01 3.80000000e+01 1.20000000e+01 9.80000000e+01 2.00000000e+00
 3.66490000e+04 3.25825000e+01 3.80000000e+01 1.20000000e+01 9.80000000e+01 2.00000000e+00
 3.66490000e+04 3.25841667e+01 3.80000000e+01 1.20000000e+01 9.30000000e+01 2.00000000e+00
 3.66490000e+04 3.25937500e+01 3.80000000e+01 1.20000000e+01 9.80000000e+01 2.00000000e+00
 3.66490000e+04 3.26033333e+01 3.80000000e+01 2.00000000e+00 9.80000000e+01 2.00000000e+00
 3.66490000e+04 3.26075000e+01 3.80000000e+01 1.20000000e+01 9.80000000e+01 2.00000000e+00
 3.66490000e+04 3.26800000e+01 3.80000000e+01 1.20000000e+01 9.70000000e+01 2.00000000e+00
 3.66490000e+04 3.26800000e+01 3.80000000e+01 8.00000000e+00 9.80000000e+01 2.00000000e+00
 3.66490000e+04 3.26841667e+01 3.80000000e+01 3.00000000e+00 9.80000000e+01 2.00000000e+00
 3.66490000e+04 3.26904167e+01 3.80000000e+01 1.20000000e+01 9.80000000e+01 2.00000000e+00
 3.66490000e+04 3.26987500e+01 3.80000000e+01 1.20000000e+01 9.80000000e+01 2.00000000e+00
 3.66490000e+04 3.27300000e+01 3.80000000e+01 3.00000000e+00 9.10000000e+01 2.00000000e+00
 3.66490000e+04 3.27554167e+01 3.80000000e+01 8.00000000e+00 9.80000000e+01 2.00000000e+00
 3.66490000e+04 3.27812500e+01 3.80000000e+01 9.00000000e+00 9.80000000e+01 2.00000000e+00
 3.66490000e+04 3.28429167e+01 3.80000000e+01 1.20000000e+01 9.80000000e+01 2.00000000e+00
 3.66500000e+04 3.33195833e+01 5.10000000e+01 1.20000000e+01 9.10000000e+01 2.00000000e+00
 3.66500000e+04 3.33950000e+01 5.10000000e+01 1.20000000e+01 9.80000000e+01 2.00000000e+00
 3.66500000e+04 3.34208333e+01 5.10000000e+01 1.20000000e+01 9.80000000e+01 2.00000000e+00
 3.66500000e+04 3.35366667e+01 5.10000000e+01 1.20000000e+01 9.10000000e+01 2.00000000e+00
 3.66500000e+04 3.35541667e+01 5.10000000e+01 8.00000000e+00 9.80000000e+01 2.00000000e+00
 3.66500000e+04 3.35625000e+01 5.10000000e+01 8.00000000e+00 9.80000000e+01 2.00000000e+00
 3.66500000e+04 3.35762500e+01 5.10000000e+01 3.00000000e+00 9.80000000e+01 2.00000000e+00
 3.66500000e+04 3.35833333e+01 5.10000000e+01 3.00000000e+00 9.80000000e+01 2.00000000e+00
 3.66500000e+04 3.35862500e+01 5.10000000e+01 1.20000000e+01 9.80000000e+01 2.00000000e+00
 3.66500000e+04 3.36195833e+01 5.10000000e+01 1.20000000e+01 9.40000000e+01 2.00000000e+00
 3.66500000e+04 3.36237500e+01 5.10000000e+01 8.00000000e+00 9.80000000e+01 2.00000000e+00
 3.66500000e+04 3.36250000e+01 5.10000000e+01 1.20000000e+01 9.80000000e+01 2.00000000e+00
 3.66500000e+04 3.36395833e+01 5.10000000e+01 1.20000000e+01 9.80000000e+01 2.00000000e+00
 3.66500000e+04 3.36562500e+01 5.10000000e+01 8.00000000e+00 9.80000000e+01 2.00000000e+00
 3.66500000e+04 3.36729167e+01 5.10000000e+01 8.00000000e+00 9.10000000e+01 1.00000000e+00
 3.66500000e+04 3.36762500e+01 5.10000000e+01 3.00000000e+00 9.80000000e+01 2.00000000e+00
 3.66500000e+04 3.36904167e+01 5.10000000e+01 8.00000000e+00 9.80000000e+01 2.00000000e+00
 3.66500000e+04 3.36979167e+01 5.10000000e+01 1.20000000e+01 9.80000000e+01 2.00000000e+00
 3.66500000e+04 3.37125000e+01 5.10000000e+01 1.20000000e+01 9.80000000e+01 2.00000000e+00
 3.66500000e+04 3.37166667e+01 5.10000000e+01 1.32000000e+02 9.70000000e+01 1.00000000e+00
 3.66500000e+04 3.37466667e+01 5.10000000e+01 9.00000000e+00 9.01000000e+02 2.00000000e+00
 3.66500000e+04 3.38404167e+01 5.10000000e+01 3.00000000e+00 9.60000000e+01 2.00000000e+00
 3.66510000e+04 3.44758333e+01 5.20000000e+01 3.00000000e+00 9.01000000e+02 2.00000000e+00
 3.66510000e+04 3.44825000e+01 5.20000000e+01 1.20000000e+01 9.60000000e+01 2.00000000e+00
 3.66510000e+04 3.45166667e+01 5.20000000e+01 8.00000000e+00 9.10000000e+01 2.00000000e+00
 3.66510000e+04 3.46250000e+01 5.20000000e+01 2.00000000e+00 9.10000000e+01 2.00000000e+00
 3.66510000e+04 3.46520833e+01 5.20000000e+01 3.00000000e+00 9.80000000e+01 2.00000000e+00
 3.66510000e+04 3.47208333e+01 5.20000000e+01 1.20000000e+01 9.40000000e+01 2.00000000e+00
 3.66510000e+04 3.47666667e+01 5.20000000e+01 1.32000000e+02 9.80000000e+01 2.00000000e+00
 3.66510000e+04 3.47991667e+01 5.20000000e+01 1.20000000e+01 9.10000000e+01 2.00000000e+00
 3.66510000e+04 3.48604167e+01 5.20000000e+01 1.32000000e+02 9.60000000e+01 2.00000000e+00
 3.66520000e+04 3.53950000e+01 4.80000000e+01 3.00000000e+00 9.80000000e+01 1.00000000e+00
 3.66520000e+04 3.54187500e+01 4.80000000e+01 1.32000000e+02 9.40000000e+01 2.00000000e+00
 3.66520000e+04 3.54508333e+01 4.80000000e+01 1.20000000e+01 9.80000000e+01 2.00000000e+00
 3.66520000e+04 3.54895833e+01 4.80000000e+01 9.00000000e+00 9.30000000e+01 2.00000000e+00
 3.66520000e+04 3.55625000e+01 4.80000000e+01 9.00000000e+00 9.40000000e+01 2.00000000e+00
 3.66520000e+04 3.56216667e+01 4.80000000e+01 1.20000000e+01 9.80000000e+01 2.00000000e+00
 3.66520000e+04 3.56250000e+01 4.80000000e+01 1.32000000e+02 9.80000000e+01 2.00000000e+00
 3.66520000e+04 3.56387500e+01 4.80000000e+01 9.00000000e+00 9.01000000e+02 1.00000000e+00
 3.66520000e+04 3.56487500e+01 4.80000000e+01 1.20000000e+01 9.80000000e+01 2.00000000e+00
 3.66520000e+04 3.56700000e+01 4.80000000e+01 8.00000000e+00 9.80000000e+01 2.00000000e+00
 3.66520000e+04 3.56750000e+01 4.80000000e+01 1.20000000e+01 9.80000000e+01 2.00000000e+00
 3.66520000e+04 3.57220833e+01 4.80000000e+01 2.00000000e+00 9.40000000e+01 1.00000000e+00
 3.66520000e+04 3.57220833e+01 4.80000000e+01 8.00000000e+00 9.80000000e+01 2.00000000e+00
 3.66520000e+04 3.57325000e+01 4.80000000e+01 8.00000000e+00 9.80000000e+01 2.00000000e+00
 3.66520000e+04 3.57458333e+01 4.80000000e+01 1.20000000e+01 9.80000000e+01 2.00000000e+00
 3.66520000e+04 3.57716667e+01 4.80000000e+01 9.00000000e+00 9.80000000e+01 2.00000000e+00
 3.66520000e+04 3.57758333e+01 4.80000000e+01 1.20000000e+01 9.80000000e+01 2.00000000e+00
 3.66530000e+04 3.65904167e+01 2.90000000e+01 9.00000000e+00 9.01000000e+02 2.00000000e+00
 3.66530000e+04 3.66729167e+01 2.90000000e+01 9.00000000e+00 9.10000000e+01 1.00000000e+00
 3.66530000e+04 3.67700000e+01 2.90000000e+01 9.00000000e+00 9.60000000e+01 2.00000000e+00
 3.66540000e+04 3.75200000e+01 2.30000000e+01 1.32000000e+02 9.10000000e+01 2.00000000e+00
 3.66540000e+04 3.76075000e+01 2.30000000e+01 8.00000000e+00 9.80000000e+01 1.00000000e+00
 3.66540000e+04 3.76104167e+01 2.30000000e+01 3.00000000e+00 9.70000000e+01 2.00000000e+00
 3.66550000e+04 3.83325000e+01 9.00000000e+00 1.32000000e+02 9.80000000e+01 1.00000000e+00
 3.66550000e+04 3.86904167e+01 9.00000000e+00 3.00000000e+00 9.80000000e+01 1.00000000e+00
 3.66550000e+04 3.87425000e+01 9.00000000e+00 1.20000000e+01 9.70000000e+01 1.00000000e+00
 3.66570000e+04 4.04937500e+01 6.00000000e+00 1.32000000e+02 9.70000000e+01 1.00000000e+00
 3.66570000e+04 4.06387500e+01 6.00000000e+00 1.32000000e+02 9.80000000e+01 1.00000000e+00
 3.66570000e+04 4.08291667e+01 6.00000000e+00 1.32000000e+02 9.80000000e+01 1.00000000e+00
 3.66580000e+04 4.16508333e+01 6.00000000e+00 1.20000000e+01 9.60000000e+01 2.00000000e+00
 3.66580000e+04 4.16570833e+01 6.00000000e+00 1.20000000e+01 9.70000000e+01 2.00000000e+00
 3.66580000e+04 4.17820833e+01 6.00000000e+00 1.20000000e+01 9.80000000e+01 2.00000000e+00
 3.66590000e+04 4.24341667e+01 1.20000000e+01 8.00000000e+00 9.80000000e+01 2.00000000e+00
 3.66590000e+04 4.25145833e+01 1.20000000e+01 8.00000000e+00 9.70000000e+01 2.00000000e+00
 3.66590000e+04 4.26216667e+01 1.20000000e+01 1.32000000e+02 9.70000000e+01 2.00000000e+00
 3.66590000e+04 4.26345833e+01 1.20000000e+01 8.00000000e+00 9.80000000e+01 1.00000000e+00
 3.66590000e+04 4.26658333e+01 1.20000000e+01 3.00000000e+00 9.80000000e+01 2.00000000e+00
 3.66590000e+04 4.27075000e+01 1.20000000e+01 3.00000000e+00 9.70000000e+01 2.00000000e+00
 3.66600000e+04 4.32645833e+01 1.40000000e+01 3.00000000e+00 9.70000000e+01 2.00000000e+00
 3.66600000e+04 4.34958333e+01 1.40000000e+01 1.20000000e+01 9.80000000e+01 2.00000000e+00
 3.66600000e+04 4.35425000e+01 1.40000000e+01 9.00000000e+00 9.10000000e+01 2.00000000e+00
 3.66600000e+04 4.37154167e+01 1.40000000e+01 1.20000000e+01 9.80000000e+01 2.00000000e+00
 3.66600000e+04 4.37812500e+01 1.40000000e+01 2.00000000e+00 9.80000000e+01 1.00000000e+00
 3.66610000e+04 4.42187500e+01 1.60000000e+01 9.00000000e+00 9.70000000e+01 2.00000000e+00
 3.66610000e+04 4.45625000e+01 1.60000000e+01 1.20000000e+01 9.40000000e+01 2.00000000e+00
 3.66610000e+04 4.46250000e+01 1.60000000e+01 2.00000000e+00 9.01000000e+02 2.00000000e+00
 3.66610000e+04 4.47533333e+01 1.60000000e+01 9.00000000e+00 9.60000000e+01 2.00000000e+00
 3.66610000e+04 4.48404167e+01 1.60000000e+01 1.20000000e+01 9.60000000e+01 2.00000000e+00
 3.66620000e+04 4.53637500e+01 1.50000000e+01 3.00000000e+00 9.80000000e+01 2.00000000e+00
 3.66620000e+04 4.53750000e+01 1.50000000e+01 3.00000000e+00 9.80000000e+01 2.00000000e+00
 3.66620000e+04 4.54354167e+01 1.50000000e+01 9.00000000e+00 9.40000000e+01 2.00000000e+00
 3.66620000e+04 4.57466667e+01 1.50000000e+01 8.00000000e+00 9.60000000e+01 2.00000000e+00
 3.66620000e+04 4.58237500e+01 1.50000000e+01 1.20000000e+01 9.80000000e+01 2.00000000e+00
 3.66630000e+04 4.61729167e+01 1.60000000e+01 1.20000000e+01 9.01000000e+02 2.00000000e+00
 3.66630000e+04 4.64395833e+01 1.60000000e+01 3.00000000e+00 9.30000000e+01 2.00000000e+00
 3.66630000e+04 4.64887500e+01 1.60000000e+01 9.00000000e+00 9.01000000e+02 2.00000000e+00
 3.66630000e+04 4.66979167e+01 1.60000000e+01 2.00000000e+00 9.50000000e+01 2.00000000e+00
 3.66630000e+04 4.68362500e+01 1.60000000e+01 1.32000000e+02 9.10000000e+01 2.00000000e+00
 3.66630000e+04 4.68508333e+01 1.60000000e+01 1.20000000e+01 9.80000000e+01 2.00000000e+00
 3.66640000e+04 4.75895833e+01 1.30000000e+01 1.32000000e+02 9.70000000e+01 2.00000000e+00
 3.66640000e+04 4.77533333e+01 1.30000000e+01 9.00000000e+00 9.80000000e+01 2.00000000e+00
 3.66650000e+04 4.87291667e+01 9.00000000e+00 1.20000000e+01 9.30000000e+01 2.00000000e+00
 3.66660000e+04 4.95200000e+01 8.00000000e+00 3.00000000e+00 9.30000000e+01 2.00000000e+00
 3.66660000e+04 4.95320833e+01 8.00000000e+00 1.20000000e+01 9.30000000e+01 2.00000000e+00
 3.66660000e+04 4.95825000e+01 8.00000000e+00 9.00000000e+00 9.40000000e+01 2.00000000e+00
 3.66660000e+04 4.97291667e+01 8.00000000e+00 1.20000000e+01 9.40000000e+01 2.00000000e+00
 3.66660000e+04 4.98325000e+01 8.00000000e+00 1.32000000e+02 9.70000000e+01 2.00000000e+00
 3.66670000e+04 5.03637500e+01 1.60000000e+01 1.20000000e+01 9.80000000e+01 2.00000000e+00
 3.66670000e+04 5.04512500e+01 1.60000000e+01 8.00000000e+00 9.80000000e+01 2.00000000e+00
 3.66670000e+04 5.04570833e+01 1.60000000e+01 9.00000000e+00 9.70000000e+01 2.00000000e+00
 3.66670000e+04 5.05408333e+01 1.60000000e+01 9.00000000e+00 9.80000000e+01 2.00000000e+00
 3.66670000e+04 5.05937500e+01 1.60000000e+01 8.00000000e+00 9.70000000e+01 2.00000000e+00
 3.66670000e+04 5.06158333e+01 1.60000000e+01 8.00000000e+00 9.40000000e+01 2.00000000e+00
 3.66670000e+04 5.06675000e+01 1.60000000e+01 1.32000000e+02 9.60000000e+01 2.00000000e+00
 3.66670000e+04 5.06841667e+01 1.60000000e+01 1.32000000e+02 9.01000000e+02 2.00000000e+00
 3.66670000e+04 5.07145833e+01 1.60000000e+01 1.20000000e+01 9.80000000e+01 2.00000000e+00
 3.66670000e+04 5.08050000e+01 1.60000000e+01 1.32000000e+02 9.80000000e+01 2.00000000e+00
 3.66680000e+04 5.15237500e+01 2.00000000e+01 1.20000000e+01 9.40000000e+01 2.00000000e+00
 3.66680000e+04 5.15345833e+01 2.00000000e+01 1.20000000e+01 9.80000000e+01 2.00000000e+00
 3.66680000e+04 5.15604167e+01 2.00000000e+01 9.00000000e+00 9.01000000e+02 2.00000000e+00
 3.66680000e+04 5.15958333e+01 2.00000000e+01 1.20000000e+01 9.80000000e+01 2.00000000e+00
 3.66680000e+04 5.16320833e+01 2.00000000e+01 1.20000000e+01 9.60000000e+01 2.00000000e+00
 3.66690000e+04 5.26875000e+01 1.70000000e+01 1.20000000e+01 9.40000000e+01 2.00000000e+00
 3.66690000e+04 5.27012500e+01 1.70000000e+01 9.00000000e+00 9.80000000e+01 2.00000000e+00
 3.66720000e+04 5.54700000e+01 3.00000000e+00 1.31000000e+02 9.80000000e+01 2.00000000e+00
 3.66720000e+04 5.55925000e+01 3.00000000e+00 9.00000000e+00 9.30000000e+01 2.00000000e+00
 3.66720000e+04 5.57270833e+01 3.00000000e+00 1.20000000e+01 9.80000000e+01 2.00000000e+00
 3.66730000e+04 5.63541667e+01 7.00000000e+00 9.00000000e+00 9.40000000e+01 2.00000000e+00
 3.66730000e+04 5.65720833e+01 7.00000000e+00 1.20000000e+01 9.01000000e+02 2.00000000e+00
 3.66730000e+04 5.66033333e+01 7.00000000e+00 2.00000000e+00 9.40000000e+01 2.00000000e+00
 3.66730000e+04 5.66575000e+01 7.00000000e+00 1.20000000e+01 9.40000000e+01 2.00000000e+00
 3.66740000e+04 5.73675000e+01 1.20000000e+01 3.00000000e+00 9.80000000e+01 2.00000000e+00
 3.66740000e+04 5.76487500e+01 1.20000000e+01 1.32000000e+02 9.01000000e+02 2.00000000e+00
 3.66740000e+04 5.76987500e+01 1.20000000e+01 9.00000000e+00 9.60000000e+01 2.00000000e+00
 3.66740000e+04 5.77320833e+01 1.20000000e+01 8.00000000e+00 9.40000000e+01 2.00000000e+00
 3.66740000e+04 5.78325000e+01 1.20000000e+01 9.00000000e+00 9.80000000e+01 2.00000000e+00
 3.66750000e+04 5.84095833e+01 1.50000000e+01 2.00000000e+00 9.01000000e+02 2.00000000e+00
 3.66750000e+04 5.85279167e+01 1.50000000e+01 8.00000000e+00 9.70000000e+01 2.00000000e+00
 3.66750000e+04 5.85695833e+01 1.50000000e+01 1.20000000e+01 9.80000000e+01 2.00000000e+00
 3.66750000e+04 5.86041667e+01 1.50000000e+01 1.32000000e+02 9.80000000e+01 2.00000000e+00
 3.66750000e+04 5.86695833e+01 1.50000000e+01 9.00000000e+00 9.60000000e+01 2.00000000e+00
 3.66750000e+04 5.87595833e+01 1.50000000e+01 1.20000000e+01 9.80000000e+01 2.00000000e+00
 3.66760000e+04 5.95695833e+01 1.40000000e+01 9.00000000e+00 9.80000000e+01 2.00000000e+00
 3.66760000e+04 5.96841667e+01 1.40000000e+01 1.20000000e+01 9.70000000e+01 2.00000000e+00
 3.66760000e+04 5.98041667e+01 1.40000000e+01 1.20000000e+01 9.70000000e+01 2.00000000e+00
 3.66770000e+04 6.04575000e+01 1.60000000e+01 9.00000000e+00 9.30000000e+01 2.00000000e+00
 3.66770000e+04 6.05008333e+01 1.60000000e+01 1.20000000e+01 9.70000000e+01 2.00000000e+00
 3.66770000e+04 6.05791667e+01 1.60000000e+01 2.00000000e+00 9.50000000e+01 1.00000000e+00
 3.66770000e+04 6.06429167e+01 1.60000000e+01 3.00000000e+00 9.70000000e+01 2.00000000e+00
 3.66770000e+04 6.06887500e+01 1.60000000e+01 3.00000000e+00 9.50000000e+01 1.00000000e+00
 3.66770000e+04 6.07187500e+01 1.60000000e+01 1.20000000e+01 9.80000000e+01 2.00000000e+00
 3.66770000e+04 6.07387500e+01 1.60000000e+01 9.00000000e+00 9.01000000e+02 2.00000000e+00
 3.66780000e+04 6.16229167e+01 1.10000000e+01 1.20000000e+01 9.80000000e+01 2.00000000e+00
 3.66790000e+04 6.23625000e+01 1.10000000e+01 1.32000000e+02 9.40000000e+01 2.00000000e+00
 3.66790000e+04 6.24095833e+01 1.10000000e+01 2.00000000e+00 9.01000000e+02 2.00000000e+00
 3.66790000e+04 6.25991667e+01 1.10000000e+01 3.00000000e+00 9.70000000e+01 2.00000000e+00
 3.66800000e+04 6.34737500e+01 1.10000000e+01 8.00000000e+00 9.01000000e+02 2.00000000e+00
 3.66800000e+04 6.34854167e+01 1.10000000e+01 1.20000000e+01 9.80000000e+01 2.00000000e+00
 3.66800000e+04 6.35137500e+01 1.10000000e+01 1.32000000e+02 9.80000000e+01 2.00000000e+00
 3.66800000e+04 6.35383333e+01 1.10000000e+01 2.00000000e+00 9.01000000e+02 2.00000000e+00
 3.66800000e+04 6.37366667e+01 1.10000000e+01 1.20000000e+01 9.80000000e+01 2.00000000e+00
 3.66800000e+04 6.37845833e+01 1.10000000e+01 1.20000000e+01 9.80000000e+01 2.00000000e+00
 3.66800000e+04 6.39262500e+01 1.10000000e+01 1.32000000e+02 9.70000000e+01 2.00000000e+00
 3.66810000e+04 6.46487500e+01 1.10000000e+01 3.00000000e+00 9.01000000e+02 2.00000000e+00
 3.66820000e+04 6.54491667e+01 1.20000000e+01 1.32000000e+02 9.30000000e+01 2.00000000e+00
 3.66820000e+04 6.54687500e+01 1.20000000e+01 2.00000000e+00 9.50000000e+01 1.00000000e+00
 3.66820000e+04 6.55208333e+01 1.20000000e+01 8.00000000e+00 9.80000000e+01 2.00000000e+00
 3.66820000e+04 6.58229167e+01 1.20000000e+01 8.00000000e+00 9.80000000e+01 2.00000000e+00
 3.66830000e+04 6.65512500e+01 1.20000000e+01 3.00000000e+00 9.30000000e+01 2.00000000e+00
 3.66830000e+04 6.65758333e+01 1.20000000e+01 1.20000000e+01 9.70000000e+01 2.00000000e+00
 3.66830000e+04 6.65812500e+01 1.20000000e+01 1.20000000e+01 9.40000000e+01 2.00000000e+00
 3.66830000e+04 6.65929167e+01 1.20000000e+01 1.20000000e+01 9.30000000e+01 2.00000000e+00
 3.66830000e+04 6.66779167e+01 1.20000000e+01 1.20000000e+01 9.80000000e+01 2.00000000e+00
 3.66830000e+04 6.67054167e+01 1.20000000e+01 1.20000000e+01 9.80000000e+01 2.00000000e+00
 3.66830000e+04 6.67200000e+01 1.20000000e+01 1.32000000e+02 9.70000000e+01 2.00000000e+00
 3.66840000e+04 6.76137500e+01 1.40000000e+01 2.00000000e+00 9.40000000e+01 2.00000000e+00
 3.66840000e+04 6.76416667e+01 1.40000000e+01 1.20000000e+01 9.80000000e+01 2.00000000e+00
 3.66840000e+04 6.76741667e+01 1.40000000e+01 1.20000000e+01 9.10000000e+01 2.00000000e+00
 3.66850000e+04 6.84966667e+01 1.40000000e+01 1.20000000e+01 9.70000000e+01 2.00000000e+00
 3.66850000e+04 6.85200000e+01 1.40000000e+01 1.20000000e+01 9.80000000e+01 2.00000000e+00
 3.66850000e+04 6.85916667e+01 1.40000000e+01 3.00000000e+00 9.80000000e+01 2.00000000e+00
 3.66850000e+04 6.86779167e+01 1.40000000e+01 1.32000000e+02 9.30000000e+01 2.00000000e+00
 3.66860000e+04 6.95383333e+01 1.10000000e+01 1.20000000e+01 9.80000000e+01 2.00000000e+00
 3.66860000e+04 6.95825000e+01 1.10000000e+01 8.00000000e+00 9.70000000e+01 2.00000000e+00
 3.66860000e+04 6.95825000e+01 1.10000000e+01 8.00000000e+00 9.70000000e+01 2.00000000e+00
 3.66860000e+04 6.97262500e+01 1.10000000e+01 1.20000000e+01 9.70000000e+01 2.00000000e+00
 3.66880000e+04 7.19779167e+01 5.00000000e+00 3.00000000e+00 9.60000000e+01 2.00000000e+00
 3.66890000e+04 7.25279167e+01 2.00000000e+00 1.32000000e+02 9.70000000e+01 2.00000000e+00
 3.66900000e+04 7.33950000e+01 4.00000000e+00 2.00000000e+00 9.60000000e+01 2.00000000e+00
 3.66900000e+04 7.36729167e+01 4.00000000e+00 1.32000000e+02 9.80000000e+01 2.00000000e+00
 3.66910000e+04 7.44470833e+01 5.00000000e+00 9.00000000e+00 9.80000000e+01 2.00000000e+00
 3.66910000e+04 7.45145833e+01 5.00000000e+00 8.00000000e+00 9.80000000e+01 2.00000000e+00
 3.66920000e+04 7.53325000e+01 7.00000000e+00 3.00000000e+00 9.10000000e+01 1.00000000e+00
 3.66920000e+04 7.56008333e+01 7.00000000e+00 9.00000000e+00 9.30000000e+01 2.00000000e+00
 3.66920000e+04 7.57041667e+01 7.00000000e+00 1.32000000e+02 9.60000000e+01 2.00000000e+00
 3.66930000e+04 7.67570833e+01 8.00000000e+00 1.32000000e+02 9.80000000e+01 2.00000000e+00
 3.66930000e+04 7.67687500e+01 8.00000000e+00 2.00000000e+00 2.17000000e+02 1.00000000e+00
 3.66930000e+04 7.67737500e+01 8.00000000e+00 1.32000000e+02 9.80000000e+01 1.00000000e+00
 3.66940000e+04 7.76029167e+01 7.00000000e+00 3.00000000e+00 9.70000000e+01 1.00000000e+00
 3.66950000e+04 7.86104167e+01 7.00000000e+00 3.00000000e+00 9.01000000e+02 2.00000000e+00
 3.66950000e+04 7.86145833e+01 7.00000000e+00 3.00000000e+00 9.80000000e+01 2.00000000e+00
 3.66950000e+04 7.86562500e+01 7.00000000e+00 3.00000000e+00 9.80000000e+01 2.00000000e+00
 3.66960000e+04 7.94687500e+01 1.00000000e+01 1.20000000e+01 9.80000000e+01 2.00000000e+00
 3.66960000e+04 7.94887500e+01 1.00000000e+01 1.20000000e+01 9.80000000e+01 2.00000000e+00
 3.66960000e+04 7.95825000e+01 1.00000000e+01 1.20000000e+01 9.80000000e+01 2.00000000e+00
 3.66960000e+04 7.95845833e+01 1.00000000e+01 1.20000000e+01 9.30000000e+01 2.00000000e+00
 3.66960000e+04 7.97929167e+01 1.00000000e+01 1.32000000e+02 9.40000000e+01 2.00000000e+00
 3.66960000e+04 7.98291667e+01 1.00000000e+01 1.20000000e+01 9.80000000e+01 2.00000000e+00
 3.66970000e+04 8.05658333e+01 1.50000000e+01 8.00000000e+00 9.80000000e+01 2.00000000e+00
 3.66970000e+04 8.05695833e+01 1.50000000e+01 1.20000000e+01 9.80000000e+01 2.00000000e+00
 3.66970000e+04 8.06945833e+01 1.50000000e+01 1.20000000e+01 9.60000000e+01 2.00000000e+00
 3.66970000e+04 8.06945833e+01 1.50000000e+01 8.00000000e+00 9.80000000e+01 2.00000000e+00
 3.66970000e+04 8.06970833e+01 1.50000000e+01 8.00000000e+00 9.80000000e+01 2.00000000e+00
 3.66970000e+04 8.07812500e+01 1.50000000e+01 8.00000000e+00 9.80000000e+01 2.00000000e+00
 3.66980000e+04 8.15404167e+01 1.40000000e+01 1.20000000e+01 9.40000000e+01 2.00000000e+00
 3.66980000e+04 8.17008333e+01 1.40000000e+01 1.32000000e+02 9.40000000e+01 2.00000000e+00
 3.66990000e+04 8.28854167e+01 9.00000000e+00 9.00000000e+00 9.60000000e+01 2.00000000e+00
 3.67000000e+04 8.35479167e+01 6.00000000e+00 1.20000000e+01 9.70000000e+01 2.00000000e+00
 3.67000000e+04 8.35770833e+01 6.00000000e+00 3.00000000e+00 9.30000000e+01 2.00000000e+00
 3.67000000e+04 8.36820833e+01 6.00000000e+00 1.32000000e+02 9.60000000e+01 2.00000000e+00
 3.67010000e+04 8.46137500e+01 7.00000000e+00 2.00000000e+00 9.01000000e+02 2.00000000e+00
 3.67010000e+04 8.47916667e+01 7.00000000e+00 1.32000000e+02 9.60000000e+01 1.00000000e+00
 3.67010000e+04 8.47916667e+01 7.00000000e+00 9.00000000e+00 9.70000000e+01 2.00000000e+00
 3.67020000e+04 8.56529167e+01 8.00000000e+00 1.20000000e+01 9.30000000e+01 2.00000000e+00
 3.67020000e+04 8.58750000e+01 8.00000000e+00 1.20000000e+01 9.01000000e+02 2.00000000e+00
 3.67030000e+04 8.63958333e+01 1.00000000e+01 2.00000000e+00 9.80000000e+01 2.00000000e+00
 3.67030000e+04 8.64479167e+01 1.00000000e+01 9.00000000e+00 9.30000000e+01 2.00000000e+00
 3.67030000e+04 8.64479167e+01 1.00000000e+01 8.00000000e+00 9.80000000e+01 2.00000000e+00
 3.67030000e+04 8.66283333e+01 1.00000000e+01 1.32000000e+02 9.40000000e+01 2.00000000e+00
 3.67030000e+04 8.67950000e+01 1.00000000e+01 2.00000000e+00 9.80000000e+01 2.00000000e+00
 3.67050000e+04 8.86487500e+01 7.00000000e+00 1.20000000e+01 9.80000000e+01 2.00000000e+00
 3.67050000e+04 8.86800000e+01 7.00000000e+00 8.00000000e+00 9.80000000e+01 2.00000000e+00
 3.67060000e+04 8.95000000e+01 3.00000000e+00 1.20000000e+01 9.10000000e+01 2.00000000e+00
 3.67070000e+04 9.03637500e+01 6.00000000e+00 2.00000000e+00 9.50000000e+01 1.00000000e+00
 3.67070000e+04 9.06320833e+01 6.00000000e+00 8.00000000e+00 9.80000000e+01 2.00000000e+00
 3.67070000e+04 9.06729167e+01 6.00000000e+00 1.20000000e+01 9.80000000e+01 2.00000000e+00
 3.67080000e+04 9.15762500e+01 7.00000000e+00 1.20000000e+01 9.80000000e+01 2.00000000e+00
 3.67080000e+04 9.15862500e+01 7.00000000e+00 1.20000000e+01 9.80000000e+01 2.00000000e+00
 3.67080000e+04 9.16987500e+01 7.00000000e+00 8.00000000e+00 9.80000000e+01 2.00000000e+00
 3.67090000e+04 9.23716667e+01 1.00000000e+01 1.20000000e+01 9.80000000e+01 2.00000000e+00
 3.67090000e+04 9.25362500e+01 1.00000000e+01 1.20000000e+01 9.10000000e+01 1.00000000e+00
 3.67090000e+04 9.25916667e+01 1.00000000e+01 1.32000000e+02 9.80000000e+01 2.00000000e+00
 3.67090000e+04 9.28262500e+01 1.00000000e+01 9.00000000e+00 9.80000000e+01 2.00000000e+00
 3.67100000e+04 9.35737500e+01 1.20000000e+01 8.00000000e+00 9.50000000e+01 1.00000000e+00
 3.67100000e+04 9.35825000e+01 1.20000000e+01 2.00000000e+00 9.30000000e+01 1.00000000e+00
 3.67100000e+04 9.36658333e+01 1.20000000e+01 8.00000000e+00 9.10000000e+01 2.00000000e+00
 3.67100000e+04 9.37570833e+01 1.20000000e+01 9.00000000e+00 9.70000000e+01 2.00000000e+00
 3.67100000e+04 9.39166667e+01 1.20000000e+01 1.20000000e+01 9.80000000e+01 2.00000000e+00
 3.67110000e+04 9.43937500e+01 1.70000000e+01 3.00000000e+00 9.60000000e+01 1.00000000e+00
 3.67110000e+04 9.45695833e+01 1.70000000e+01 9.00000000e+00 9.70000000e+01 2.00000000e+00
 3.67110000e+04 9.46083333e+01 1.70000000e+01 9.00000000e+00 9.40000000e+01 2.00000000e+00
 3.67110000e+04 9.46387500e+01 1.70000000e+01 2.00000000e+00 9.80000000e+01 2.00000000e+00
 3.67110000e+04 9.46595833e+01 1.70000000e+01 1.32000000e+02 9.10000000e+01 2.00000000e+00
 3.67110000e+04 9.46862500e+01 1.70000000e+01 8.00000000e+00 9.60000000e+01 1.00000000e+00
 3.67110000e+04 9.47054167e+01 1.70000000e+01 8.00000000e+00 9.10000000e+01 2.00000000e+00
 3.67110000e+04 9.47833333e+01 1.70000000e+01 8.00000000e+00 9.10000000e+01 2.00000000e+00
 3.67120000e+04 9.53750000e+01 1.80000000e+01 3.00000000e+00 2.17000000e+02 1.00000000e+00
 3.67120000e+04 9.54583333e+01 1.80000000e+01 9.00000000e+00 9.60000000e+01 2.00000000e+00
 3.67120000e+04 9.56633333e+01 1.80000000e+01 8.00000000e+00 9.80000000e+01 2.00000000e+00
 3.67120000e+04 9.56875000e+01 1.80000000e+01 8.00000000e+00 9.80000000e+01 2.00000000e+00
 3.67120000e+04 9.57779167e+01 1.80000000e+01 9.00000000e+00 9.80000000e+01 2.00000000e+00
 3.67130000e+04 9.63541667e+01 1.70000000e+01 1.32000000e+02 9.80000000e+01 2.00000000e+00
 3.67130000e+04 9.65416667e+01 1.70000000e+01 8.00000000e+00 9.80000000e+01 2.00000000e+00
 3.67130000e+04 9.65695833e+01 1.70000000e+01 8.00000000e+00 9.80000000e+01 2.00000000e+00
 3.67130000e+04 9.67112500e+01 1.70000000e+01 1.32000000e+02 9.80000000e+01 2.00000000e+00
 3.67140000e+04 9.74783333e+01 1.70000000e+01 3.00000000e+00 9.70000000e+01 2.00000000e+00
 3.67140000e+04 9.75416667e+01 1.70000000e+01 8.00000000e+00 9.70000000e+01 2.00000000e+00
 3.67140000e+04 9.75970833e+01 1.70000000e+01 1.32000000e+02 9.80000000e+01 2.00000000e+00
 3.67140000e+04 9.76658333e+01 1.70000000e+01 1.20000000e+01 9.60000000e+01 1.00000000e+00
 3.67140000e+04 9.76666667e+01 1.70000000e+01 1.20000000e+01 9.80000000e+01 2.00000000e+00
 3.67140000e+04 9.77529167e+01 1.70000000e+01 8.00000000e+00 9.60000000e+01 2.00000000e+00
 3.67140000e+04 9.77804167e+01 1.70000000e+01 1.20000000e+01 9.80000000e+01 2.00000000e+00
 3.67140000e+04 9.78783333e+01 1.70000000e+01 1.32000000e+02 9.70000000e+01 1.00000000e+00
 3.67150000e+04 9.83550000e+01 1.70000000e+01 8.00000000e+00 9.70000000e+01 1.00000000e+00
 3.67150000e+04 9.85450000e+01 1.70000000e+01 1.20000000e+01 9.40000000e+01 2.00000000e+00
 3.67150000e+04 9.86175000e+01 1.70000000e+01 1.32000000e+02 9.50000000e+01 1.00000000e+00
 3.67150000e+04 9.86458333e+01 1.70000000e+01 3.00000000e+00 9.02000000e+02 1.00000000e+00
 3.67150000e+04 9.87012500e+01 1.70000000e+01 1.20000000e+01 9.80000000e+01 2.00000000e+00
 3.67160000e+04 9.94695833e+01 1.60000000e+01 1.32000000e+02 9.60000000e+01 1.00000000e+00
 3.67160000e+04 9.95408333e+01 1.60000000e+01 2.00000000e+00 9.50000000e+01 2.00000000e+00
 3.67160000e+04 9.96666667e+01 1.60000000e+01 1.20000000e+01 9.01000000e+02 2.00000000e+00
 3.67170000e+04 1.00440833e+02 1.10000000e+01 9.00000000e+00 9.80000000e+01 2.00000000e+00
 3.67170000e+04 1.00527917e+02 1.10000000e+01 1.20000000e+01 9.70000000e+01 1.00000000e+00
 3.67170000e+04 1.00764583e+02 1.10000000e+01 2.00000000e+00 9.01000000e+02 1.00000000e+00
 3.67180000e+04 1.01645000e+02 8.00000000e+00 1.20000000e+01 9.40000000e+01 2.00000000e+00
 3.67180000e+04 1.01652917e+02 8.00000000e+00 8.00000000e+00 9.70000000e+01 2.00000000e+00
 3.67190000e+04 1.02466667e+02 1.30000000e+01 8.00000000e+00 9.70000000e+01 2.00000000e+00
 3.67190000e+04 1.02497917e+02 1.30000000e+01 1.20000000e+01 9.70000000e+01 2.00000000e+00
 3.67190000e+04 1.02551250e+02 1.30000000e+01 9.00000000e+00 9.80000000e+01 2.00000000e+00
 3.67190000e+04 1.02584583e+02 1.30000000e+01 8.00000000e+00 9.80000000e+01 2.00000000e+00
 3.67190000e+04 1.02641667e+02 1.30000000e+01 1.32000000e+02 9.70000000e+01 2.00000000e+00
 3.67190000e+04 1.02652917e+02 1.30000000e+01 3.00000000e+00 9.50000000e+01 1.00000000e+00
 3.67190000e+04 1.02708333e+02 1.30000000e+01 2.00000000e+00 9.70000000e+01 2.00000000e+00
 3.67190000e+04 1.02781250e+02 1.30000000e+01 1.20000000e+01 9.80000000e+01 2.00000000e+00
 3.67200000e+04 1.03319583e+02 2.10000000e+01 1.32000000e+02 9.70000000e+01 2.00000000e+00
 3.67200000e+04 1.03333333e+02 2.10000000e+01 3.00000000e+00 9.60000000e+01 1.00000000e+00
 3.67200000e+04 1.03455417e+02 2.10000000e+01 3.00000000e+00 9.30000000e+01 1.00000000e+00
 3.67200000e+04 1.03572917e+02 2.10000000e+01 1.20000000e+01 9.40000000e+01 2.00000000e+00
 3.67200000e+04 1.03600833e+02 2.10000000e+01 8.00000000e+00 9.80000000e+01 2.00000000e+00
 3.67200000e+04 1.03626250e+02 2.10000000e+01 1.20000000e+01 9.80000000e+01 2.00000000e+00
 3.67200000e+04 1.03648750e+02 2.10000000e+01 8.00000000e+00 9.80000000e+01 2.00000000e+00
 3.67200000e+04 1.03685417e+02 2.10000000e+01 2.00000000e+00 9.40000000e+01 1.00000000e+00
 3.67200000e+04 1.03725833e+02 2.10000000e+01 8.00000000e+00 9.80000000e+01 2.00000000e+00
 3.67200000e+04 1.03750000e+02 2.10000000e+01 1.32000000e+02 9.70000000e+01 2.00000000e+00
 3.67200000e+04 1.03915833e+02 2.10000000e+01 1.20000000e+01 9.70000000e+01 2.00000000e+00
 3.67210000e+04 1.04580417e+02 2.00000000e+01 9.00000000e+00 9.01000000e+02 2.00000000e+00
 3.67220000e+04 1.05757083e+02 1.30000000e+01 1.20000000e+01 9.01000000e+02 1.00000000e+00
 3.67230000e+04 1.06534583e+02 5.00000000e+00 1.32000000e+02 9.60000000e+01 1.00000000e+00
 3.67230000e+04 1.06748750e+02 5.00000000e+00 2.00000000e+00 9.40000000e+01 2.00000000e+00
 3.67230000e+04 1.06854167e+02 5.00000000e+00 8.00000000e+00 9.10000000e+01 2.00000000e+00
 3.67240000e+04 1.07330417e+02 1.20000000e+01 1.32000000e+02 9.40000000e+01 1.00000000e+00
 3.67240000e+04 1.07569583e+02 1.20000000e+01 3.00000000e+00 9.70000000e+01 1.00000000e+00
 3.67240000e+04 1.07638750e+02 1.20000000e+01 1.32000000e+02 9.70000000e+01 1.00000000e+00
 3.67240000e+04 1.07645000e+02 1.20000000e+01 9.00000000e+00 9.40000000e+01 2.00000000e+00
 3.67240000e+04 1.07652917e+02 1.20000000e+01 1.20000000e+01 9.30000000e+01 2.00000000e+00
 3.67240000e+04 1.07692500e+02 1.20000000e+01 2.00000000e+00 9.40000000e+01 2.00000000e+00
 3.67240000e+04 1.07773750e+02 1.20000000e+01 1.32000000e+02 9.70000000e+01 2.00000000e+00
 3.67240000e+04 1.07895833e+02 1.20000000e+01 1.32000000e+02 9.60000000e+01 1.00000000e+00
 3.67250000e+04 1.08582500e+02 1.50000000e+01 9.00000000e+00 9.70000000e+01 1.00000000e+00
 3.67250000e+04 1.08718750e+02 1.50000000e+01 1.20000000e+01 9.80000000e+01 2.00000000e+00
 3.67250000e+04 1.08781250e+02 1.50000000e+01 9.00000000e+00 9.10000000e+01 2.00000000e+00
 3.67250000e+04 1.08842917e+02 1.50000000e+01 1.32000000e+02 9.80000000e+01 2.00000000e+00
 3.67260000e+04 1.09447917e+02 1.80000000e+01 1.20000000e+01 9.70000000e+01 2.00000000e+00
 3.67260000e+04 1.09531250e+02 1.80000000e+01 3.00000000e+00 9.40000000e+01 2.00000000e+00
 3.67260000e+04 1.09621667e+02 1.80000000e+01 8.00000000e+00 9.80000000e+01 1.00000000e+00
 3.67260000e+04 1.09654167e+02 1.80000000e+01 3.00000000e+00 9.70000000e+01 1.00000000e+00
 3.67260000e+04 1.09709167e+02 1.80000000e+01 8.00000000e+00 9.70000000e+01 2.00000000e+00
 3.67260000e+04 1.09822917e+02 1.80000000e+01 9.00000000e+00 9.70000000e+01 2.00000000e+00
 3.67270000e+04 1.10424167e+02 1.20000000e+01 1.20000000e+01 9.80000000e+01 2.00000000e+00
 3.67270000e+04 1.10549167e+02 1.20000000e+01 8.00000000e+00 9.70000000e+01 2.00000000e+00
 3.67280000e+04 1.11507500e+02 1.50000000e+01 1.20000000e+01 9.80000000e+01 2.00000000e+00
 3.67280000e+04 1.11552917e+02 1.50000000e+01 1.20000000e+01 9.80000000e+01 2.00000000e+00
 3.67280000e+04 1.11665833e+02 1.50000000e+01 1.32000000e+02 9.80000000e+01 2.00000000e+00
 3.67280000e+04 1.11666667e+02 1.50000000e+01 1.20000000e+01 9.80000000e+01 2.00000000e+00
 3.67280000e+04 1.11701250e+02 1.50000000e+01 9.00000000e+00 2.17000000e+02 1.00000000e+00
 3.67280000e+04 1.11713333e+02 1.50000000e+01 8.00000000e+00 9.01000000e+02 2.00000000e+00
 3.67280000e+04 1.11727917e+02 1.50000000e+01 9.00000000e+00 9.80000000e+01 2.00000000e+00
 3.67290000e+04 1.12857500e+02 1.00000000e+01 9.00000000e+00 9.70000000e+01 1.00000000e+00
 3.67300000e+04 1.13134583e+02 1.60000000e+01 3.00000000e+00 9.80000000e+01 2.00000000e+00
 3.67300000e+04 1.13547917e+02 1.60000000e+01 8.00000000e+00 9.01000000e+02 2.00000000e+00
 3.67300000e+04 1.13678333e+02 1.60000000e+01 1.20000000e+01 9.60000000e+01 2.00000000e+00
 3.67300000e+04 1.13721667e+02 1.60000000e+01 8.00000000e+00 9.80000000e+01 2.00000000e+00
 3.67300000e+04 1.13728333e+02 1.60000000e+01 1.20000000e+01 9.30000000e+01 2.00000000e+00
 3.67300000e+04 1.13729167e+02 1.60000000e+01 1.20000000e+01 9.80000000e+01 2.00000000e+00
 3.67300000e+04 1.13757083e+02 1.60000000e+01 2.00000000e+00 9.50000000e+01 2.00000000e+00
 3.67300000e+04 1.13856250e+02 1.60000000e+01 2.00000000e+00 9.01000000e+02 1.00000000e+00
 3.67310000e+04 1.14367500e+02 1.40000000e+01 1.20000000e+01 9.80000000e+01 2.00000000e+00
 3.67310000e+04 1.14395000e+02 1.40000000e+01 1.32000000e+02 9.01000000e+02 1.00000000e+00
 3.67310000e+04 1.14551250e+02 1.40000000e+01 2.00000000e+00 9.50000000e+01 1.00000000e+00
 3.67310000e+04 1.14732500e+02 1.40000000e+01 3.00000000e+00 9.50000000e+01 1.00000000e+00
 3.67310000e+04 1.14784583e+02 1.40000000e+01 1.20000000e+01 9.80000000e+01 2.00000000e+00
 3.67320000e+04 1.15440833e+02 1.80000000e+01 1.31000000e+02 9.30000000e+01 1.00000000e+00
 3.67320000e+04 1.15503333e+02 1.80000000e+01 3.00000000e+00 9.01000000e+02 1.00000000e+00
 3.67320000e+04 1.15531250e+02 1.80000000e+01 1.32000000e+02 9.40000000e+01 1.00000000e+00
 3.67320000e+04 1.15832500e+02 1.80000000e+01 1.32000000e+02 9.10000000e+01 1.00000000e+00
 3.67320000e+04 1.15886250e+02 1.80000000e+01 8.00000000e+00 9.60000000e+01 2.00000000e+00
 3.67330000e+04 1.16492917e+02 2.10000000e+01 1.20000000e+01 9.80000000e+01 2.00000000e+00
 3.67330000e+04 1.16523750e+02 2.10000000e+01 1.20000000e+01 9.01000000e+02 2.00000000e+00
 3.67330000e+04 1.16538333e+02 2.10000000e+01 2.00000000e+00 9.10000000e+01 1.00000000e+00
 3.67330000e+04 1.16569583e+02 2.10000000e+01 1.32000000e+02 9.80000000e+01 2.00000000e+00
 3.67330000e+04 1.16576250e+02 2.10000000e+01 3.00000000e+00 9.70000000e+01 2.00000000e+00
 3.67330000e+04 1.16592917e+02 2.10000000e+01 1.20000000e+01 9.80000000e+01 2.00000000e+00
 3.67330000e+04 1.16604167e+02 2.10000000e+01 9.00000000e+00 9.80000000e+01 2.00000000e+00
 3.67330000e+04 1.16605417e+02 2.10000000e+01 9.00000000e+00 9.40000000e+01 1.00000000e+00
 3.67330000e+04 1.16625000e+02 2.10000000e+01 9.00000000e+00 9.40000000e+01 1.00000000e+00
 3.67330000e+04 1.16666667e+02 2.10000000e+01 1.20000000e+01 9.80000000e+01 2.00000000e+00
 3.67330000e+04 1.16698750e+02 2.10000000e+01 8.00000000e+00 9.01000000e+02 2.00000000e+00
 3.67340000e+04 1.17396667e+02 3.70000000e+01 8.00000000e+00 9.60000000e+01 1.00000000e+00
 3.67340000e+04 1.17397083e+02 3.70000000e+01 2.00000000e+00 9.40000000e+01 1.00000000e+00
 3.67340000e+04 1.17461667e+02 3.70000000e+01 3.00000000e+00 9.50000000e+01 1.00000000e+00
 3.67340000e+04 1.17469583e+02 3.70000000e+01 9.00000000e+00 9.40000000e+01 1.00000000e+00
 3.67340000e+04 1.17559167e+02 3.70000000e+01 1.20000000e+01 9.80000000e+01 2.00000000e+00
 3.67340000e+04 1.17565417e+02 3.70000000e+01 8.00000000e+00 9.60000000e+01 1.00000000e+00
 3.67340000e+04 1.17575833e+02 3.70000000e+01 8.00000000e+00 9.30000000e+01 2.00000000e+00
 3.67340000e+04 1.17587500e+02 3.70000000e+01 1.20000000e+01 9.80000000e+01 2.00000000e+00
 3.67340000e+04 1.17603333e+02 3.70000000e+01 1.32000000e+02 9.30000000e+01 1.00000000e+00
 3.67340000e+04 1.17610417e+02 3.70000000e+01 1.20000000e+01 9.80000000e+01 2.00000000e+00
 3.67340000e+04 1.17628333e+02 3.70000000e+01 9.00000000e+00 9.01000000e+02 1.00000000e+00
 3.67340000e+04 1.17636250e+02 3.70000000e+01 1.20000000e+01 9.70000000e+01 2.00000000e+00
 3.67340000e+04 1.17658333e+02 3.70000000e+01 8.00000000e+00 9.70000000e+01 1.00000000e+00
 3.67340000e+04 1.17669583e+02 3.70000000e+01 8.00000000e+00 9.80000000e+01 2.00000000e+00
 3.67340000e+04 1.17682083e+02 3.70000000e+01 2.00000000e+00 9.60000000e+01 1.00000000e+00
 3.67340000e+04 1.17687500e+02 3.70000000e+01 9.00000000e+00 9.30000000e+01 1.00000000e+00
 3.67340000e+04 1.17743750e+02 3.70000000e+01 3.00000000e+00 9.40000000e+01 1.00000000e+00
 3.67340000e+04 1.17750000e+02 3.70000000e+01 1.32000000e+02 9.70000000e+01 1.00000000e+00
 3.67340000e+04 1.17829167e+02 3.70000000e+01 2.00000000e+00 9.60000000e+01 1.00000000e+00
 3.67340000e+04 1.17843750e+02 3.70000000e+01 1.32000000e+02 9.60000000e+01 2.00000000e+00
 3.67340000e+04 1.17860417e+02 3.70000000e+01 8.00000000e+00 9.60000000e+01 2.00000000e+00
 3.67350000e+04 1.18437500e+02 4.80000000e+01 3.00000000e+00 9.40000000e+01 1.00000000e+00
 3.67350000e+04 1.18552083e+02 4.80000000e+01 9.00000000e+00 9.40000000e+01 1.00000000e+00
 3.67350000e+04 1.18583333e+02 4.80000000e+01 1.20000000e+01 9.80000000e+01 2.00000000e+00
 3.67350000e+04 1.18596667e+02 4.80000000e+01 3.00000000e+00 9.80000000e+01 2.00000000e+00
 3.67350000e+04 1.18615417e+02 4.80000000e+01 9.00000000e+00 9.60000000e+01 1.00000000e+00
 3.67350000e+04 1.18619583e+02 4.80000000e+01 3.00000000e+00 9.50000000e+01 1.00000000e+00
 3.67350000e+04 1.18628333e+02 4.80000000e+01 1.20000000e+01 9.80000000e+01 2.00000000e+00
 3.67350000e+04 1.18635417e+02 4.80000000e+01 8.00000000e+00 9.80000000e+01 2.00000000e+00
 3.67350000e+04 1.18677083e+02 4.80000000e+01 3.00000000e+00 9.01000000e+02 1.00000000e+00
 3.67350000e+04 1.18683333e+02 4.80000000e+01 2.00000000e+00 9.40000000e+01 1.00000000e+00
 3.67350000e+04 1.18694583e+02 4.80000000e+01 2.00000000e+00 9.01000000e+02 1.00000000e+00
 3.67350000e+04 1.18694583e+02 4.80000000e+01 1.20000000e+01 9.60000000e+01 2.00000000e+00
 3.67350000e+04 1.18704167e+02 4.80000000e+01 9.00000000e+00 9.70000000e+01 1.00000000e+00
 3.67350000e+04 1.18775000e+02 4.80000000e+01 9.00000000e+00 9.60000000e+01 2.00000000e+00
 3.67350000e+04 1.18800833e+02 4.80000000e+01 3.00000000e+00 9.50000000e+01 1.00000000e+00
 3.67350000e+04 1.18850833e+02 4.80000000e+01 3.00000000e+00 9.01000000e+02 1.00000000e+00
 3.67360000e+04 1.19319583e+02 4.90000000e+01 9.00000000e+00 9.10000000e+01 1.00000000e+00
 3.67360000e+04 1.19382083e+02 4.90000000e+01 9.00000000e+00 9.60000000e+01 2.00000000e+00
 3.67360000e+04 1.19497917e+02 4.90000000e+01 9.00000000e+00 9.01000000e+02 1.00000000e+00
 3.67360000e+04 1.19532500e+02 4.90000000e+01 2.00000000e+00 9.50000000e+01 1.00000000e+00
 3.67360000e+04 1.19570000e+02 4.90000000e+01 1.20000000e+01 9.80000000e+01 2.00000000e+00
 3.67360000e+04 1.19613333e+02 4.90000000e+01 2.00000000e+00 9.01000000e+02 1.00000000e+00
 3.67360000e+04 1.19645000e+02 4.90000000e+01 3.00000000e+00 9.60000000e+01 1.00000000e+00
 3.67360000e+04 1.19723750e+02 4.90000000e+01 2.00000000e+00 9.70000000e+01 1.00000000e+00
 3.67360000e+04 1.19738750e+02 4.90000000e+01 3.00000000e+00 9.50000000e+01 2.00000000e+00
 3.67360000e+04 1.19760417e+02 4.90000000e+01 3.00000000e+00 9.40000000e+01 1.00000000e+00
 3.67360000e+04 1.19766667e+02 4.90000000e+01 2.00000000e+00 2.17000000e+02 1.00000000e+00
 3.67360000e+04 1.19774167e+02 4.90000000e+01 8.00000000e+00 9.80000000e+01 2.00000000e+00
 3.67370000e+04 1.20437500e+02 3.90000000e+01 9.00000000e+00 9.50000000e+01 2.00000000e+00
 3.67370000e+04 1.20489583e+02 3.90000000e+01 1.32000000e+02 9.50000000e+01 1.00000000e+00
 3.67370000e+04 1.20562500e+02 3.90000000e+01 1.32000000e+02 9.70000000e+01 1.00000000e+00
 3.67370000e+04 1.20588333e+02 3.90000000e+01 1.32000000e+02 9.70000000e+01 1.00000000e+00
 3.67370000e+04 1.20690833e+02 3.90000000e+01 9.00000000e+00 9.01000000e+02 1.00000000e+00
 3.67370000e+04 1.20715417e+02 3.90000000e+01 3.00000000e+00 2.17000000e+02 1.00000000e+00
 3.67370000e+04 1.20724167e+02 3.90000000e+01 9.00000000e+00 9.50000000e+01 2.00000000e+00
 3.67370000e+04 1.20732500e+02 3.90000000e+01 8.00000000e+00 9.40000000e+01 2.00000000e+00
 3.67370000e+04 1.20757083e+02 3.90000000e+01 3.00000000e+00 9.40000000e+01 1.00000000e+00
 3.67370000e+04 1.20842500e+02 3.90000000e+01 9.00000000e+00 9.60000000e+01 1.00000000e+00
 3.67370000e+04 1.20893750e+02 3.90000000e+01 3.00000000e+00 9.60000000e+01 1.00000000e+00
 3.67380000e+04 1.21600833e+02 2.90000000e+01 1.32000000e+02 9.01000000e+02 1.00000000e+00
 3.67380000e+04 1.21652917e+02 2.90000000e+01 9.00000000e+00 9.40000000e+01 1.00000000e+00
 3.67380000e+04 1.21658333e+02 2.90000000e+01 8.00000000e+00 9.30000000e+01 2.00000000e+00
 3.67380000e+04 1.21688333e+02 2.90000000e+01 8.00000000e+00 9.80000000e+01 1.00000000e+00
 3.67380000e+04 1.21692917e+02 2.90000000e+01 3.00000000e+00 9.01000000e+02 1.00000000e+00
 3.67380000e+04 1.21770833e+02 2.90000000e+01 3.00000000e+00 9.50000000e+01 1.00000000e+00
 3.67390000e+04 1.22107500e+02 2.50000000e+01 2.00000000e+00 9.80000000e+01 1.00000000e+00
 3.67390000e+04 1.22565417e+02 2.50000000e+01 3.00000000e+00 9.30000000e+01 1.00000000e+00
 3.67390000e+04 1.22613750e+02 2.50000000e+01 9.00000000e+00 9.70000000e+01 1.00000000e+00
 3.67390000e+04 1.22644583e+02 2.50000000e+01 1.32000000e+02 9.60000000e+01 1.00000000e+00
 3.67390000e+04 1.22697917e+02 2.50000000e+01 9.00000000e+00 9.50000000e+01 2.00000000e+00
 3.67390000e+04 1.22698750e+02 2.50000000e+01 1.32000000e+02 9.70000000e+01 1.00000000e+00
 3.67390000e+04 1.22786667e+02 2.50000000e+01 3.00000000e+00 9.01000000e+02 1.00000000e+00
 3.67390000e+04 1.22830417e+02 2.50000000e+01 1.32000000e+02 9.60000000e+01 1.00000000e+00
 3.67400000e+04 1.23571667e+02 2.00000000e+01 1.20000000e+01 9.01000000e+02 2.00000000e+00
 3.67400000e+04 1.23625000e+02 2.00000000e+01 2.00000000e+00 9.50000000e+01 1.00000000e+00
 3.67400000e+04 1.23667500e+02 2.00000000e+01 9.00000000e+00 9.01000000e+02 2.00000000e+00
 3.67400000e+04 1.23687500e+02 2.00000000e+01 8.00000000e+00 9.60000000e+01 1.00000000e+00
 3.67400000e+04 1.23695833e+02 2.00000000e+01 1.32000000e+02 9.01000000e+02 1.00000000e+00
 3.67400000e+04 1.23752083e+02 2.00000000e+01 2.00000000e+00 9.01000000e+02 2.00000000e+00
 3.67410000e+04 1.24444583e+02 2.50000000e+01 1.20000000e+01 9.60000000e+01 1.00000000e+00
 3.67410000e+04 1.24520833e+02 2.50000000e+01 1.20000000e+01 9.80000000e+01 2.00000000e+00
 3.67410000e+04 1.24569583e+02 2.50000000e+01 8.00000000e+00 9.10000000e+01 2.00000000e+00
 3.67410000e+04 1.24583333e+02 2.50000000e+01 8.00000000e+00 9.60000000e+01 1.00000000e+00
 3.67410000e+04 1.24586250e+02 2.50000000e+01 9.00000000e+00 9.01000000e+02 2.00000000e+00
 3.67410000e+04 1.24589583e+02 2.50000000e+01 1.20000000e+01 9.01000000e+02 2.00000000e+00
 3.67410000e+04 1.24625000e+02 2.50000000e+01 8.00000000e+00 9.01000000e+02 2.00000000e+00
 3.67410000e+04 1.24627917e+02 2.50000000e+01 1.32000000e+02 9.70000000e+01 1.00000000e+00
 3.67410000e+04 1.24708333e+02 2.50000000e+01 9.00000000e+00 9.60000000e+01 1.00000000e+00
 3.67410000e+04 1.24784583e+02 2.50000000e+01 1.20000000e+01 9.80000000e+01 2.00000000e+00
 3.67410000e+04 1.24786667e+02 2.50000000e+01 1.32000000e+02 9.40000000e+01 1.00000000e+00
 3.67420000e+04 1.25500000e+02 2.80000000e+01 1.20000000e+01 9.70000000e+01 2.00000000e+00
 3.67420000e+04 1.25514583e+02 2.80000000e+01 9.00000000e+00 9.70000000e+01 1.00000000e+00
 3.67420000e+04 1.25520833e+02 2.80000000e+01 3.00000000e+00 9.30000000e+01 1.00000000e+00
 3.67420000e+04 1.25534583e+02 2.80000000e+01 1.32000000e+02 9.60000000e+01 1.00000000e+00
 3.67420000e+04 1.25555000e+02 2.80000000e+01 2.00000000e+00 9.30000000e+01 1.00000000e+00
 3.67420000e+04 1.25625000e+02 2.80000000e+01 9.00000000e+00 9.01000000e+02 1.00000000e+00
 3.67420000e+04 1.25697083e+02 2.80000000e+01 1.20000000e+01 9.10000000e+01 2.00000000e+00
 3.67420000e+04 1.25721667e+02 2.80000000e+01 8.00000000e+00 9.80000000e+01 2.00000000e+00
 3.67420000e+04 1.25812500e+02 2.80000000e+01 1.32000000e+02 9.60000000e+01 1.00000000e+00
 3.67420000e+04 1.25817917e+02 2.80000000e+01 3.00000000e+00 9.70000000e+01 1.00000000e+00
 3.67420000e+04 1.25856250e+02 2.80000000e+01 1.32000000e+02 9.01000000e+02 1.00000000e+00
 3.67430000e+04 1.26586250e+02 2.80000000e+01 8.00000000e+00 9.60000000e+01 2.00000000e+00
 3.67430000e+04 1.26659583e+02 2.80000000e+01 1.32000000e+02 9.30000000e+01 2.00000000e+00
 3.67430000e+04 1.26707500e+02 2.80000000e+01 9.00000000e+00 9.10000000e+01 2.00000000e+00
 3.67430000e+04 1.26770000e+02 2.80000000e+01 1.32000000e+02 9.80000000e+01 1.00000000e+00
 3.67430000e+04 1.26790833e+02 2.80000000e+01 1.32000000e+02 9.01000000e+02 2.00000000e+00
 3.67430000e+04 1.26826250e+02 2.80000000e+01 8.00000000e+00 9.70000000e+01 1.00000000e+00
 3.67440000e+04 1.27480417e+02 1.80000000e+01 1.20000000e+01 9.80000000e+01 2.00000000e+00
 3.67450000e+04 1.28601250e+02 1.10000000e+01 1.32000000e+02 9.10000000e+01 1.00000000e+00
 3.67450000e+04 1.28603333e+02 1.10000000e+01 8.00000000e+00 9.80000000e+01 2.00000000e+00
 3.67450000e+04 1.28638750e+02 1.10000000e+01 1.20000000e+01 9.80000000e+01 2.00000000e+00
 3.67450000e+04 1.28750000e+02 1.10000000e+01 1.20000000e+01 9.80000000e+01 2.00000000e+00
 3.67460000e+04 1.29630417e+02 6.00000000e+00 9.00000000e+00 9.50000000e+01 2.00000000e+00
 3.67470000e+04 1.30590417e+02 8.00000000e+00 1.32000000e+02 9.80000000e+01 2.00000000e+00
 3.67470000e+04 1.30605000e+02 8.00000000e+00 2.00000000e+00 9.50000000e+01 1.00000000e+00
 3.67470000e+04 1.30659167e+02 8.00000000e+00 8.00000000e+00 9.80000000e+01 2.00000000e+00
 3.67480000e+04 1.31547083e+02 9.00000000e+00 1.32000000e+02 9.01000000e+02 1.00000000e+00
 3.67480000e+04 1.31690833e+02 9.00000000e+00 1.20000000e+01 9.80000000e+01 2.00000000e+00
 3.67480000e+04 1.31722083e+02 9.00000000e+00 8.00000000e+00 9.80000000e+01 2.00000000e+00
 3.67480000e+04 1.31742500e+02 9.00000000e+00 2.00000000e+00 9.50000000e+01 1.00000000e+00
 3.67480000e+04 1.31853333e+02 9.00000000e+00 1.20000000e+01 9.80000000e+01 2.00000000e+00
 3.67490000e+04 1.32083333e+02 1.50000000e+01 1.32000000e+02 9.60000000e+01 2.00000000e+00
 3.67490000e+04 1.32415833e+02 1.50000000e+01 3.00000000e+00 9.01000000e+02 2.00000000e+00
 3.67490000e+04 1.32597083e+02 1.50000000e+01 3.00000000e+00 9.70000000e+01 2.00000000e+00
 3.67490000e+04 1.32610417e+02 1.50000000e+01 1.20000000e+01 9.01000000e+02 2.00000000e+00
 3.67490000e+04 1.32634583e+02 1.50000000e+01 9.00000000e+00 9.60000000e+01 2.00000000e+00
 3.67490000e+04 1.32684167e+02 1.50000000e+01 9.00000000e+00 9.80000000e+01 2.00000000e+00
 3.67490000e+04 1.32750000e+02 1.50000000e+01 1.20000000e+01 9.30000000e+01 2.00000000e+00
 3.67500000e+04 1.33490833e+02 1.60000000e+01 2.00000000e+00 9.30000000e+01 1.00000000e+00
 3.67500000e+04 1.33557083e+02 1.60000000e+01 9.00000000e+00 9.80000000e+01 1.00000000e+00
 3.67500000e+04 1.33567500e+02 1.60000000e+01 1.32000000e+02 9.70000000e+01 2.00000000e+00
 3.67500000e+04 1.33587500e+02 1.60000000e+01 1.20000000e+01 9.50000000e+01 2.00000000e+00
 3.67510000e+04 1.34329167e+02 1.60000000e+01 3.00000000e+00 9.01000000e+02 1.00000000e+00
 3.67510000e+04 1.34350833e+02 1.60000000e+01 3.00000000e+00 9.10000000e+01 1.00000000e+00
 3.67510000e+04 1.34645000e+02 1.60000000e+01 3.00000000e+00 2.17000000e+02 2.00000000e+00
 3.67510000e+04 1.34656250e+02 1.60000000e+01 3.00000000e+00 9.80000000e+01 2.00000000e+00
 3.67510000e+04 1.34738750e+02 1.60000000e+01 3.00000000e+00 8.90000000e+01 1.00000000e+00
 3.67520000e+04 1.35648750e+02 1.40000000e+01 1.20000000e+01 9.80000000e+01 2.00000000e+00
 3.67520000e+04 1.35683333e+02 1.40000000e+01 2.00000000e+00 9.01000000e+02 1.00000000e+00
 3.67520000e+04 1.35684167e+02 1.40000000e+01 8.00000000e+00 9.80000000e+01 2.00000000e+00
 3.67520000e+04 1.35718750e+02 1.40000000e+01 3.00000000e+00 9.70000000e+01 2.00000000e+00
 3.67520000e+04 1.35838333e+02 1.40000000e+01 2.00000000e+00 9.40000000e+01 1.00000000e+00
 3.67530000e+04 1.36084583e+02 1.60000000e+01 3.00000000e+00 9.40000000e+01 2.00000000e+00
 3.67530000e+04 1.36576250e+02 1.60000000e+01 1.20000000e+01 9.80000000e+01 2.00000000e+00
 3.67530000e+04 1.36595000e+02 1.60000000e+01 3.00000000e+00 9.80000000e+01 2.00000000e+00
 3.67530000e+04 1.36711250e+02 1.60000000e+01 1.20000000e+01 9.60000000e+01 2.00000000e+00
 3.67530000e+04 1.36742917e+02 1.60000000e+01 1.20000000e+01 9.80000000e+01 2.00000000e+00
 3.67530000e+04 1.36795000e+02 1.60000000e+01 1.20000000e+01 9.80000000e+01 2.00000000e+00
 3.67540000e+04 1.37484583e+02 1.90000000e+01 3.00000000e+00 9.01000000e+02 2.00000000e+00
 3.67540000e+04 1.37489583e+02 1.90000000e+01 1.32000000e+02 9.70000000e+01 2.00000000e+00
 3.67540000e+04 1.37516667e+02 1.90000000e+01 1.20000000e+01 9.40000000e+01 2.00000000e+00
 3.67540000e+04 1.37591667e+02 1.90000000e+01 2.00000000e+00 9.01000000e+02 2.00000000e+00
 3.67540000e+04 1.37670000e+02 1.90000000e+01 1.20000000e+01 9.01000000e+02 2.00000000e+00
 3.67540000e+04 1.37680000e+02 1.90000000e+01 8.00000000e+00 9.40000000e+01 2.00000000e+00
 3.67540000e+04 1.37757083e+02 1.90000000e+01 3.00000000e+00 9.80000000e+01 2.00000000e+00
 3.67540000e+04 1.37770000e+02 1.90000000e+01 2.00000000e+00 9.01000000e+02 1.00000000e+00
 3.67550000e+04 1.38375000e+02 1.70000000e+01 9.00000000e+00 9.40000000e+01 2.00000000e+00
 3.67550000e+04 1.38420000e+02 1.70000000e+01 2.00000000e+00 9.01000000e+02 1.00000000e+00
 3.67550000e+04 1.38680000e+02 1.70000000e+01 1.32000000e+02 9.80000000e+01 2.00000000e+00
 3.67560000e+04 1.39534583e+02 1.50000000e+01 1.20000000e+01 9.80000000e+01 2.00000000e+00
 3.67560000e+04 1.39569583e+02 1.50000000e+01 1.20000000e+01 9.80000000e+01 2.00000000e+00
 3.67560000e+04 1.39698750e+02 1.50000000e+01 1.32000000e+02 9.80000000e+01 2.00000000e+00
 3.67560000e+04 1.39750000e+02 1.50000000e+01 1.32000000e+02 9.70000000e+01 2.00000000e+00
 3.67570000e+04 1.40340417e+02 1.30000000e+01 9.00000000e+00 9.01000000e+02 1.00000000e+00
 3.67570000e+04 1.40479167e+02 1.30000000e+01 3.00000000e+00 9.80000000e+01 2.00000000e+00
 3.67570000e+04 1.40520000e+02 1.30000000e+01 2.00000000e+00 9.70000000e+01 2.00000000e+00
 3.67570000e+04 1.40750000e+02 1.30000000e+01 1.20000000e+01 9.01000000e+02 2.00000000e+00
 3.67570000e+04 1.40795000e+02 1.30000000e+01 1.20000000e+01 9.80000000e+01 2.00000000e+00
 3.67570000e+04 1.40871667e+02 1.30000000e+01 1.20000000e+01 9.80000000e+01 2.00000000e+00
 3.67580000e+04 1.41500000e+02 1.40000000e+01 8.00000000e+00 9.80000000e+01 2.00000000e+00
 3.67580000e+04 1.41547917e+02 1.40000000e+01 8.00000000e+00 9.40000000e+01 2.00000000e+00
 3.67580000e+04 1.41565833e+02 1.40000000e+01 1.20000000e+01 9.80000000e+01 2.00000000e+00
 3.67580000e+04 1.41698750e+02 1.40000000e+01 8.00000000e+00 9.80000000e+01 2.00000000e+00
 3.67590000e+04 1.42628333e+02 1.30000000e+01 1.20000000e+01 9.80000000e+01 2.00000000e+00
 3.67590000e+04 1.42815833e+02 1.30000000e+01 2.00000000e+00 9.50000000e+01 1.00000000e+00
 3.67590000e+04 1.42906250e+02 1.30000000e+01 1.20000000e+01 9.80000000e+01 2.00000000e+00
 3.67600000e+04 1.43509583e+02 1.00000000e+01 9.00000000e+00 9.80000000e+01 2.00000000e+00
 3.67600000e+04 1.43645000e+02 1.00000000e+01 9.00000000e+00 9.60000000e+01 2.00000000e+00
 3.67600000e+04 1.43701250e+02 1.00000000e+01 1.32000000e+02 9.10000000e+01 1.00000000e+00
 3.67610000e+04 1.44694583e+02 8.00000000e+00 8.00000000e+00 9.40000000e+01 2.00000000e+00
 3.67610000e+04 1.44704167e+02 8.00000000e+00 3.00000000e+00 9.70000000e+01 1.00000000e+00
 3.67620000e+04 1.45555000e+02 1.20000000e+01 9.00000000e+00 9.60000000e+01 2.00000000e+00
 3.67620000e+04 1.45562500e+02 1.20000000e+01 1.20000000e+01 9.80000000e+01 2.00000000e+00
 3.67620000e+04 1.45584167e+02 1.20000000e+01 9.00000000e+00 9.60000000e+01 2.00000000e+00
 3.67620000e+04 1.45596667e+02 1.20000000e+01 9.00000000e+00 9.80000000e+01 2.00000000e+00
 3.67620000e+04 1.45611667e+02 1.20000000e+01 8.00000000e+00 9.10000000e+01 1.00000000e+00
 3.67620000e+04 1.45647917e+02 1.20000000e+01 9.00000000e+00 9.70000000e+01 1.00000000e+00
 3.67620000e+04 1.45656250e+02 1.20000000e+01 3.00000000e+00 9.70000000e+01 1.00000000e+00
 3.67630000e+04 1.46458333e+02 2.40000000e+01 9.00000000e+00 9.60000000e+01 1.00000000e+00
 3.67630000e+04 1.46459167e+02 2.40000000e+01 1.32000000e+02 9.70000000e+01 1.00000000e+00
 3.67630000e+04 1.46489583e+02 2.40000000e+01 8.00000000e+00 9.70000000e+01 1.00000000e+00
 3.67630000e+04 1.46553333e+02 2.40000000e+01 2.00000000e+00 9.70000000e+01 1.00000000e+00
 3.67630000e+04 1.46564583e+02 2.40000000e+01 8.00000000e+00 9.70000000e+01 2.00000000e+00
 3.67630000e+04 1.46579167e+02 2.40000000e+01 1.20000000e+01 9.80000000e+01 2.00000000e+00
 3.67630000e+04 1.46628333e+02 2.40000000e+01 1.32000000e+02 9.60000000e+01 1.00000000e+00
 3.67630000e+04 1.46641667e+02 2.40000000e+01 9.00000000e+00 9.60000000e+01 1.00000000e+00
 3.67630000e+04 1.46648750e+02 2.40000000e+01 3.00000000e+00 9.50000000e+01 1.00000000e+00
 3.67630000e+04 1.46661667e+02 2.40000000e+01 2.00000000e+00 9.70000000e+01 1.00000000e+00
 3.67630000e+04 1.46670000e+02 2.40000000e+01 3.00000000e+00 2.17000000e+02 1.00000000e+00
 3.67630000e+04 1.46695833e+02 2.40000000e+01 9.00000000e+00 9.40000000e+01 1.00000000e+00
 3.67630000e+04 1.46755417e+02 2.40000000e+01 1.32000000e+02 9.60000000e+01 1.00000000e+00
 3.67630000e+04 1.46763750e+02 2.40000000e+01 9.00000000e+00 9.40000000e+01 2.00000000e+00
 3.67630000e+04 1.46777917e+02 2.40000000e+01 8.00000000e+00 9.70000000e+01 1.00000000e+00
 3.67640000e+04 1.47350833e+02 3.50000000e+01 3.00000000e+00 9.30000000e+01 1.00000000e+00
 3.67640000e+04 1.47520000e+02 3.50000000e+01 1.32000000e+02 9.40000000e+01 1.00000000e+00
 3.67640000e+04 1.47522083e+02 3.50000000e+01 1.20000000e+01 9.10000000e+01 2.00000000e+00
 3.67640000e+04 1.47523750e+02 3.50000000e+01 9.00000000e+00 9.10000000e+01 2.00000000e+00
 3.67640000e+04 1.47625000e+02 3.50000000e+01 2.00000000e+00 9.60000000e+01 2.00000000e+00
 3.67640000e+04 1.47640833e+02 3.50000000e+01 3.00000000e+00 9.30000000e+01 1.00000000e+00
 3.67640000e+04 1.47650833e+02 3.50000000e+01 1.32000000e+02 9.60000000e+01 1.00000000e+00
 3.67640000e+04 1.47676250e+02 3.50000000e+01 1.20000000e+01 9.10000000e+01 2.00000000e+00
 3.67640000e+04 1.47723750e+02 3.50000000e+01 3.00000000e+00 9.80000000e+01 1.00000000e+00
 3.67640000e+04 1.47738750e+02 3.50000000e+01 9.00000000e+00 9.70000000e+01 1.00000000e+00
 3.67640000e+04 1.47739583e+02 3.50000000e+01 3.00000000e+00 9.01000000e+02 1.00000000e+00
 3.67640000e+04 1.47742917e+02 3.50000000e+01 1.32000000e+02 9.40000000e+01 1.00000000e+00
 3.67640000e+04 1.47784167e+02 3.50000000e+01 2.00000000e+00 9.70000000e+01 1.00000000e+00
 3.67650000e+04 1.48461250e+02 4.60000000e+01 1.20000000e+01 9.80000000e+01 2.00000000e+00
 3.67650000e+04 1.48500000e+02 4.60000000e+01 3.00000000e+00 9.80000000e+01 2.00000000e+00
 3.67650000e+04 1.48507083e+02 4.60000000e+01 8.00000000e+00 9.30000000e+01 2.00000000e+00
 3.67650000e+04 1.48513333e+02 4.60000000e+01 1.20000000e+01 9.30000000e+01 2.00000000e+00
 3.67650000e+04 1.48541667e+02 4.60000000e+01 2.00000000e+00 9.80000000e+01 2.00000000e+00
 3.67650000e+04 1.48569583e+02 4.60000000e+01 1.32000000e+02 9.70000000e+01 1.00000000e+00
 3.67650000e+04 1.48603333e+02 4.60000000e+01 2.00000000e+00 9.60000000e+01 1.00000000e+00
 3.67650000e+04 1.48617500e+02 4.60000000e+01 9.00000000e+00 9.40000000e+01 2.00000000e+00
 3.67650000e+04 1.48651250e+02 4.60000000e+01 8.00000000e+00 9.60000000e+01 1.00000000e+00
 3.67650000e+04 1.48678333e+02 4.60000000e+01 1.20000000e+01 9.70000000e+01 1.00000000e+00
 3.67650000e+04 1.48684167e+02 4.60000000e+01 1.31000000e+02 9.60000000e+01 1.00000000e+00
 3.67650000e+04 1.48687500e+02 4.60000000e+01 8.00000000e+00 9.10000000e+01 1.00000000e+00
 3.67650000e+04 1.48700833e+02 4.60000000e+01 2.00000000e+00 9.40000000e+01 1.00000000e+00
 3.67650000e+04 1.48722083e+02 4.60000000e+01 2.00000000e+00 9.30000000e+01 1.00000000e+00
 3.67650000e+04 1.48777083e+02 4.60000000e+01 1.32000000e+02 9.70000000e+01 1.00000000e+00
 3.67650000e+04 1.48819583e+02 4.60000000e+01 3.00000000e+00 9.70000000e+01 1.00000000e+00
 3.67650000e+04 1.48848750e+02 4.60000000e+01 8.00000000e+00 9.70000000e+01 1.00000000e+00
 3.67650000e+04 1.48853333e+02 4.60000000e+01 9.00000000e+00 9.50000000e+01 2.00000000e+00
 3.67660000e+04 1.49468750e+02 4.30000000e+01 1.32000000e+02 9.70000000e+01 1.00000000e+00
 3.67660000e+04 1.49478333e+02 4.30000000e+01 3.00000000e+00 9.40000000e+01 1.00000000e+00
 3.67660000e+04 1.49488750e+02 4.30000000e+01 9.00000000e+00 9.70000000e+01 2.00000000e+00
 3.67660000e+04 1.49531250e+02 4.30000000e+01 9.00000000e+00 9.40000000e+01 1.00000000e+00
 3.67660000e+04 1.49570000e+02 4.30000000e+01 8.00000000e+00 9.70000000e+01 1.00000000e+00
 3.67660000e+04 1.49694583e+02 4.30000000e+01 2.00000000e+00 9.40000000e+01 1.00000000e+00
 3.67660000e+04 1.49717500e+02 4.30000000e+01 3.00000000e+00 9.80000000e+01 1.00000000e+00
 3.67660000e+04 1.49772083e+02 4.30000000e+01 1.32000000e+02 9.60000000e+01 1.00000000e+00
 3.67660000e+04 1.49808333e+02 4.30000000e+01 1.32000000e+02 9.70000000e+01 1.00000000e+00
 3.67660000e+04 1.49846667e+02 4.30000000e+01 1.32000000e+02 9.60000000e+01 1.00000000e+00
 3.67660000e+04 1.49859583e+02 4.30000000e+01 1.32000000e+02 9.70000000e+01 1.00000000e+00
 3.67660000e+04 1.49902917e+02 4.30000000e+01 1.32000000e+02 9.60000000e+01 1.00000000e+00
 3.67670000e+04 1.50482500e+02 3.70000000e+01 3.00000000e+00 9.10000000e+01 1.00000000e+00
 3.67670000e+04 1.50599167e+02 3.70000000e+01 1.20000000e+01 9.80000000e+01 2.00000000e+00
 3.67670000e+04 1.50625000e+02 3.70000000e+01 8.00000000e+00 9.80000000e+01 2.00000000e+00
 3.67670000e+04 1.50688333e+02 3.70000000e+01 3.00000000e+00 9.80000000e+01 1.00000000e+00
 3.67670000e+04 1.50711250e+02 3.70000000e+01 9.00000000e+00 9.70000000e+01 1.00000000e+00
 3.67670000e+04 1.50711667e+02 3.70000000e+01 2.00000000e+00 9.60000000e+01 1.00000000e+00
 3.67670000e+04 1.50738750e+02 3.70000000e+01 3.00000000e+00 9.80000000e+01 2.00000000e+00
 3.67680000e+04 1.51382083e+02 3.50000000e+01 2.00000000e+00 9.70000000e+01 1.00000000e+00
 3.67680000e+04 1.51437500e+02 3.50000000e+01 9.00000000e+00 9.30000000e+01 2.00000000e+00
 3.67680000e+04 1.51500000e+02 3.50000000e+01 9.00000000e+00 9.30000000e+01 1.00000000e+00
 3.67680000e+04 1.51564583e+02 3.50000000e+01 9.00000000e+00 9.40000000e+01 1.00000000e+00
 3.67680000e+04 1.51593750e+02 3.50000000e+01 3.00000000e+00 9.01000000e+02 1.00000000e+00
 3.67680000e+04 1.51620833e+02 3.50000000e+01 3.00000000e+00 9.70000000e+01 1.00000000e+00
 3.67680000e+04 1.51642917e+02 3.50000000e+01 1.32000000e+02 9.70000000e+01 1.00000000e+00
 3.67680000e+04 1.51645000e+02 3.50000000e+01 1.32000000e+02 9.70000000e+01 1.00000000e+00
 3.67680000e+04 1.51681250e+02 3.50000000e+01 1.31000000e+02 9.40000000e+01 1.00000000e+00
 3.67680000e+04 1.51711250e+02 3.50000000e+01 1.20000000e+01 9.80000000e+01 2.00000000e+00
 3.67680000e+04 1.51712500e+02 3.50000000e+01 3.00000000e+00 9.40000000e+01 1.00000000e+00
 3.67680000e+04 1.51757083e+02 3.50000000e+01 9.00000000e+00 9.70000000e+01 2.00000000e+00
 3.67680000e+04 1.51806250e+02 3.50000000e+01 9.00000000e+00 9.60000000e+01 1.00000000e+00
 3.67680000e+04 1.51819583e+02 3.50000000e+01 1.32000000e+02 9.70000000e+01 1.00000000e+00
 3.67680000e+04 1.51822083e+02 3.50000000e+01 1.20000000e+01 9.40000000e+01 2.00000000e+00
 3.67680000e+04 1.51836667e+02 3.50000000e+01 1.32000000e+02 9.70000000e+01 1.00000000e+00
 3.67690000e+04 1.52391667e+02 3.00000000e+01 1.32000000e+02 9.70000000e+01 1.00000000e+00
 3.67690000e+04 1.52500000e+02 3.00000000e+01 9.00000000e+00 9.80000000e+01 2.00000000e+00
 3.67690000e+04 1.52569583e+02 3.00000000e+01 3.00000000e+00 9.70000000e+01 1.00000000e+00
 3.67690000e+04 1.52595000e+02 3.00000000e+01 3.00000000e+00 9.70000000e+01 1.00000000e+00
 3.67690000e+04 1.52632500e+02 3.00000000e+01 9.00000000e+00 9.10000000e+01 1.00000000e+00
 3.67690000e+04 1.52680417e+02 3.00000000e+01 8.00000000e+00 9.80000000e+01 2.00000000e+00
 3.67690000e+04 1.52711250e+02 3.00000000e+01 1.32000000e+02 9.80000000e+01 2.00000000e+00
 3.67700000e+04 1.53375000e+02 3.30000000e+01 8.00000000e+00 9.80000000e+01 2.00000000e+00
 3.67700000e+04 1.53551250e+02 3.30000000e+01 1.32000000e+02 9.70000000e+01 1.00000000e+00
 3.67700000e+04 1.53641667e+02 3.30000000e+01 1.32000000e+02 9.70000000e+01 1.00000000e+00
 3.67700000e+04 1.53645000e+02 3.30000000e+01 9.00000000e+00 9.70000000e+01 1.00000000e+00
 3.67700000e+04 1.53661667e+02 3.30000000e+01 3.00000000e+00 9.02000000e+02 1.00000000e+00
 3.67700000e+04 1.53676250e+02 3.30000000e+01 1.32000000e+02 9.70000000e+01 1.00000000e+00
 3.67700000e+04 1.53685417e+02 3.30000000e+01 8.00000000e+00 9.80000000e+01 1.00000000e+00
 3.67700000e+04 1.53708333e+02 3.30000000e+01 1.20000000e+01 9.80000000e+01 2.00000000e+00
 3.67700000e+04 1.53725833e+02 3.30000000e+01 1.20000000e+01 9.80000000e+01 2.00000000e+00
 3.67700000e+04 1.53742500e+02 3.30000000e+01 2.00000000e+00 9.70000000e+01 1.00000000e+00
 3.67710000e+04 1.54551250e+02 1.80000000e+01 8.00000000e+00 9.40000000e+01 1.00000000e+00
 3.67720000e+04 1.55575833e+02 1.20000000e+01 1.32000000e+02 9.40000000e+01 1.00000000e+00
 3.67730000e+04 1.56565417e+02 4.00000000e+00 3.00000000e+00 9.80000000e+01 1.00000000e+00
 3.67730000e+04 1.56590417e+02 4.00000000e+00 3.00000000e+00 9.10000000e+01 1.00000000e+00
 3.67740000e+04 1.57634583e+02 6.00000000e+00 1.32000000e+02 9.70000000e+01 1.00000000e+00
 3.67740000e+04 1.57659167e+02 6.00000000e+00 3.00000000e+00 9.01000000e+02 2.00000000e+00
 3.67740000e+04 1.57676250e+02 6.00000000e+00 9.00000000e+00 9.70000000e+01 1.00000000e+00
 3.67750000e+04 1.58542500e+02 1.20000000e+01 2.00000000e+00 9.70000000e+01 1.00000000e+00
 3.67750000e+04 1.58575833e+02 1.20000000e+01 9.00000000e+00 9.40000000e+01 1.00000000e+00
 3.67750000e+04 1.58655417e+02 1.20000000e+01 1.20000000e+01 9.80000000e+01 2.00000000e+00
 3.67750000e+04 1.58732500e+02 1.20000000e+01 1.32000000e+02 9.70000000e+01 1.00000000e+00
 3.67750000e+04 1.58792500e+02 1.20000000e+01 1.20000000e+01 9.60000000e+01 2.00000000e+00
 3.67750000e+04 1.58797917e+02 1.20000000e+01 1.20000000e+01 9.80000000e+01 2.00000000e+00
 3.67750000e+04 1.58812500e+02 1.20000000e+01 2.00000000e+00 9.70000000e+01 1.00000000e+00
 3.67760000e+04 1.59687500e+02 1.10000000e+01 8.00000000e+00 9.80000000e+01 2.00000000e+00
 3.67770000e+04 1.60580417e+02 1.10000000e+01 1.20000000e+01 2.17000000e+02 1.00000000e+00
 3.67770000e+04 1.60692500e+02 1.10000000e+01 1.20000000e+01 9.80000000e+01 2.00000000e+00
 3.67770000e+04 1.60770000e+02 1.10000000e+01 8.00000000e+00 9.80000000e+01 2.00000000e+00
 3.67780000e+04 1.61426250e+02 1.00000000e+01 8.00000000e+00 9.80000000e+01 2.00000000e+00
 3.67780000e+04 1.61454167e+02 1.00000000e+01 1.20000000e+01 9.80000000e+01 2.00000000e+00
 3.67780000e+04 1.61684167e+02 1.00000000e+01 1.32000000e+02 9.30000000e+01 1.00000000e+00
 3.67780000e+04 1.61753333e+02 1.00000000e+01 1.20000000e+01 9.80000000e+01 2.00000000e+00
 3.67780000e+04 1.61781250e+02 1.00000000e+01 1.20000000e+01 9.60000000e+01 2.00000000e+00
 3.67780000e+04 1.61810417e+02 1.00000000e+01 3.00000000e+00 9.80000000e+01 1.00000000e+00
 3.67790000e+04 1.62628333e+02 1.10000000e+01 1.20000000e+01 9.80000000e+01 2.00000000e+00
 3.67790000e+04 1.62687500e+02 1.10000000e+01 1.32000000e+02 9.60000000e+01 1.00000000e+00
 3.67800000e+04 1.63062500e+02 1.20000000e+01 3.00000000e+00 9.70000000e+01 1.00000000e+00
 3.67800000e+04 1.63503333e+02 1.20000000e+01 9.00000000e+00 9.01000000e+02 2.00000000e+00
 3.67800000e+04 1.63739583e+02 1.20000000e+01 3.00000000e+00 9.50000000e+01 1.00000000e+00
 3.67800000e+04 1.63854167e+02 1.20000000e+01 1.20000000e+01 9.60000000e+01 2.00000000e+00
 3.67810000e+04 1.64591667e+02 1.00000000e+01 9.00000000e+00 9.60000000e+01 2.00000000e+00
 3.67810000e+04 1.64613750e+02 1.00000000e+01 1.20000000e+01 9.80000000e+01 2.00000000e+00
 3.67810000e+04 1.64659167e+02 1.00000000e+01 3.00000000e+00 2.17000000e+02 1.00000000e+00
 3.67810000e+04 1.64665833e+02 1.00000000e+01 9.00000000e+00 9.40000000e+01 2.00000000e+00
 3.67820000e+04 1.65425000e+02 1.00000000e+01 8.00000000e+00 9.30000000e+01 2.00000000e+00
 3.67820000e+04 1.65684167e+02 1.00000000e+01 1.32000000e+02 9.60000000e+01 2.00000000e+00
 3.67830000e+04 1.66590417e+02 8.00000000e+00 3.00000000e+00 9.70000000e+01 1.00000000e+00
 3.67830000e+04 1.66601250e+02 8.00000000e+00 2.00000000e+00 2.17000000e+02 1.00000000e+00
 3.67840000e+04 1.67406250e+02 7.00000000e+00 3.00000000e+00 9.10000000e+01 2.00000000e+00
 3.67840000e+04 1.67617500e+02 7.00000000e+00 1.20000000e+01 9.10000000e+01 2.00000000e+00
 3.67840000e+04 1.67895000e+02 7.00000000e+00 3.00000000e+00 9.60000000e+01 2.00000000e+00
 3.67850000e+04 1.68404167e+02 7.00000000e+00 1.20000000e+01 9.10000000e+01 2.00000000e+00
 3.67850000e+04 1.68420000e+02 7.00000000e+00 1.20000000e+01 9.50000000e+01 2.00000000e+00
 3.67860000e+04 1.69395000e+02 7.00000000e+00 9.00000000e+00 9.80000000e+01 2.00000000e+00
 3.67860000e+04 1.69680000e+02 7.00000000e+00 1.20000000e+01 9.80000000e+01 2.00000000e+00
 3.67870000e+04 1.70502917e+02 8.00000000e+00 1.20000000e+01 9.10000000e+01 2.00000000e+00
 3.67870000e+04 1.70579167e+02 8.00000000e+00 3.00000000e+00 9.40000000e+01 1.00000000e+00
 3.67870000e+04 1.70595833e+02 8.00000000e+00 3.00000000e+00 9.80000000e+01 2.00000000e+00
 3.67870000e+04 1.70596667e+02 8.00000000e+00 9.00000000e+00 8.90000000e+01 2.00000000e+00
 3.67880000e+04 1.71698750e+02 7.00000000e+00 1.32000000e+02 9.80000000e+01 2.00000000e+00
 3.67900000e+04 1.73496667e+02 3.00000000e+00 1.20000000e+01 9.80000000e+01 2.00000000e+00
 3.67900000e+04 1.73542500e+02 3.00000000e+00 1.32000000e+02 9.80000000e+01 2.00000000e+00
 3.67950000e+04 1.78700000e+02 1.00000000e+00 1.20000000e+01 9.40000000e+01 2.00000000e+00
