 3.44410000e+04 6.03333333e-01 2.00000000e+00 3.00000000e+00 9.01000000e+02 2.00000000e+00
 3.44410000e+04 8.09166667e-01 2.00000000e+00 1.20000000e+01 9.30000000e+01 2.00000000e+00
 3.44420000e+04 1.62500000e+00 5.00000000e+00 8.00000000e+00 9.80000000e+01 2.00000000e+00
 3.44420000e+04 1.75000000e+00 5.00000000e+00 3.00000000e+00 9.60000000e+01 2.00000000e+00
 3.44420000e+04 1.75208333e+00 5.00000000e+00 1.20000000e+01 9.80000000e+01 2.00000000e+00
 3.44430000e+04 2.59666667e+00 8.00000000e+00 1.20000000e+01 9.80000000e+01 2.00000000e+00
 3.44430000e+04 2.65291667e+00 8.00000000e+00 1.32000000e+02 9.01000000e+02 2.00000000e+00
 3.44430000e+04 2.68000000e+00 8.00000000e+00 9.00000000e+00 9.30000000e+01 2.00000000e+00
 3.44440000e+04 3.60416667e+00 1.00000000e+01 8.00000000e+00 9.10000000e+01 2.00000000e+00
 3.44440000e+04 3.71125000e+00 1.00000000e+01 3.00000000e+00 9.01000000e+02 2.00000000e+00
 3.44440000e+04 3.71875000e+00 1.00000000e+01 1.32000000e+02 9.30000000e+01 2.00000000e+00
 3.44440000e+04 3.91666667e+00 1.00000000e+01 9.00000000e+00 9.10000000e+01 2.00000000e+00
 3.44450000e+04 4.47166667e+00 1.40000000e+01 1.20000000e+01 9.80000000e+01 2.00000000e+00
 3.44450000e+04 4.63416667e+00 1.40000000e+01 1.20000000e+01 9.80000000e+01 2.00000000e+00
 3.44450000e+04 4.71458333e+00 1.40000000e+01 9.00000000e+00 9.30000000e+01 2.00000000e+00
 3.44450000e+04 4.72833333e+00 1.40000000e+01 8.00000000e+00 9.80000000e+01 2.00000000e+00
 3.44450000e+04 4.79083333e+00 1.40000000e+01 3.00000000e+00 9.40000000e+01 2.00000000e+00
 3.44450000e+04 4.79083333e+00 1.40000000e+01 8.00000000e+00 9.80000000e+01 2.00000000e+00
 3.44450000e+04 4.93000000e+00 1.40000000e+01 1.20000000e+01 9.30000000e+01 2.00000000e+00
 3.44460000e+04 5.36166667e+00 1.80000000e+01 1.32000000e+02 9.80000000e+01 2.00000000e+00
 3.44460000e+04 5.50000000e+00 1.80000000e+01 1.20000000e+01 9.80000000e+01 2.00000000e+00
 3.44460000e+04 5.61458333e+00 1.80000000e+01 8.00000000e+00 9.40000000e+01 2.00000000e+00
 3.44460000e+04 5.61458333e+00 1.80000000e+01 8.00000000e+00 9.80000000e+01 2.00000000e+00
 3.44460000e+04 5.69875000e+00 1.80000000e+01 9.00000000e+00 9.70000000e+01 2.00000000e+00
 3.44460000e+04 5.70916667e+00 1.80000000e+01 1.20000000e+01 9.70000000e+01 2.00000000e+00
 3.44460000e+04 5.74291667e+00 1.80000000e+01 9.00000000e+00 9.40000000e+01 2.00000000e+00
 3.44470000e+04 6.50708333e+00 2.10000000e+01 8.00000000e+00 9.80000000e+01 2.00000000e+00
 3.44470000e+04 6.52500000e+00 2.10000000e+01 1.20000000e+01 9.80000000e+01 2.00000000e+00
 3.44470000e+04 6.54791667e+00 2.10000000e+01 1.20000000e+01 9.80000000e+01 2.00000000e+00
 3.44470000e+04 6.57833333e+00 2.10000000e+01 1.20000000e+01 9.80000000e+01 2.00000000e+00
 3.44470000e+04 6.64500000e+00 2.10000000e+01 1.20000000e+01 9.80000000e+01 2.00000000e+00
 3.44470000e+04 6.64791667e+00 2.10000000e+01 9.00000000e+00 9.01000000e+02 2.00000000e+00
 3.44470000e+04 6.83458333e+00 2.10000000e+01 1.32000000e+02 9.10000000e+01 2.00000000e+00
 3.44480000e+04 7.50541667e+00 2.00000000e+01 9.00000000e+00 9.30000000e+01 2.00000000e+00
 3.44480000e+04 7.63208333e+00 2.00000000e+01 1.32000000e+02 9.30000000e+01 2.00000000e+00
 3.44480000e+04 7.68958333e+00 2.00000000e+01 1.32000000e+02 9.80000000e+01 2.00000000e+00
 3.44480000e+04 7.69791667e+00 2.00000000e+01 1.20000000e+01 9.80000000e+01 2.00000000e+00
 3.44480000e+04 7.76333333e+00 2.00000000e+01 8.00000000e+00 9.80000000e+01 2.00000000e+00
 3.44480000e+04 7.78250000e+00 2.00000000e+01 3.00000000e+00 9.80000000e+01 2.00000000e+00
 3.44490000e+04 8.53333333e+00 2.00000000e+01 1.20000000e+01 9.10000000e+01 2.00000000e+00
 3.44490000e+04 8.60958333e+00 2.00000000e+01 8.00000000e+00 9.80000000e+01 2.00000000e+00
 3.44490000e+04 8.63458333e+00 2.00000000e+01 1.20000000e+01 9.60000000e+01 2.00000000e+00
 3.44490000e+04 8.65291667e+00 2.00000000e+01 3.00000000e+00 9.80000000e+01 2.00000000e+00
 3.44490000e+04 8.68750000e+00 2.00000000e+01 1.32000000e+02 9.80000000e+01 2.00000000e+00
 3.44490000e+04 8.70416667e+00 2.00000000e+01 9.00000000e+00 9.80000000e+01 2.00000000e+00
 3.44490000e+04 8.82208333e+00 2.00000000e+01 1.20000000e+01 9.60000000e+01 2.00000000e+00
 3.44500000e+04 9.65916667e+00 1.40000000e+01 8.00000000e+00 9.01000000e+02 2.00000000e+00
 3.44510000e+04 1.03437500e+01 1.40000000e+01 1.32000000e+02 9.01000000e+02 2.00000000e+00
 3.44510000e+04 1.04987500e+01 1.40000000e+01 1.20000000e+01 9.80000000e+01 2.00000000e+00
 3.44510000e+04 1.06020833e+01 1.40000000e+01 9.00000000e+00 9.70000000e+01 2.00000000e+00
 3.44510000e+04 1.06875000e+01 1.40000000e+01 1.20000000e+01 9.80000000e+01 2.00000000e+00
 3.44510000e+04 1.07154167e+01 1.40000000e+01 9.00000000e+00 9.80000000e+01 2.00000000e+00
 3.44510000e+04 1.07500000e+01 1.40000000e+01 9.00000000e+00 9.01000000e+02 2.00000000e+00
 3.44520000e+04 1.15875000e+01 1.00000000e+01 1.20000000e+01 9.01000000e+02 2.00000000e+00
 3.44520000e+04 1.15966667e+01 1.00000000e+01 8.00000000e+00 9.80000000e+01 2.00000000e+00
 3.44520000e+04 1.16458333e+01 1.00000000e+01 1.20000000e+01 9.80000000e+01 2.00000000e+00
 3.44530000e+04 1.20512500e+01 1.60000000e+01 2.00000000e+00 9.80000000e+01 2.00000000e+00
 3.44530000e+04 1.24458333e+01 1.60000000e+01 2.00000000e+00 9.80000000e+01 2.00000000e+00
 3.44530000e+04 1.25312500e+01 1.60000000e+01 1.20000000e+01 9.01000000e+02 2.00000000e+00
 3.44530000e+04 1.25625000e+01 1.60000000e+01 3.00000000e+00 9.80000000e+01 2.00000000e+00
 3.44530000e+04 1.25966667e+01 1.60000000e+01 3.00000000e+00 9.80000000e+01 2.00000000e+00
 3.44530000e+04 1.26595833e+01 1.60000000e+01 3.00000000e+00 9.10000000e+01 2.00000000e+00
 3.44530000e+04 1.27387500e+01 1.60000000e+01 1.20000000e+01 9.80000000e+01 2.00000000e+00
 3.44540000e+04 1.33820833e+01 1.80000000e+01 1.32000000e+02 9.70000000e+01 2.00000000e+00
 3.44540000e+04 1.34966667e+01 1.80000000e+01 8.00000000e+00 9.80000000e+01 2.00000000e+00
 3.44540000e+04 1.35070833e+01 1.80000000e+01 1.20000000e+01 9.80000000e+01 2.00000000e+00
 3.44540000e+04 1.35533333e+01 1.80000000e+01 1.20000000e+01 9.80000000e+01 2.00000000e+00
 3.44540000e+04 1.35916667e+01 1.80000000e+01 1.20000000e+01 9.80000000e+01 2.00000000e+00
 3.44540000e+04 1.36345833e+01 1.80000000e+01 8.00000000e+00 9.80000000e+01 2.00000000e+00
 3.44540000e+04 1.37500000e+01 1.80000000e+01 1.32000000e+02 9.01000000e+02 2.00000000e+00
 3.44540000e+04 1.37916667e+01 1.80000000e+01 1.32000000e+02 9.60000000e+01 2.00000000e+00
 3.44550000e+04 1.45812500e+01 1.70000000e+01 2.00000000e+00 9.50000000e+01 2.00000000e+00
 3.44550000e+04 1.47541667e+01 1.70000000e+01 1.32000000e+02 9.01000000e+02 2.00000000e+00
 3.44560000e+04 1.53437500e+01 1.60000000e+01 9.00000000e+00 9.01000000e+02 2.00000000e+00
 3.44560000e+04 1.55237500e+01 1.60000000e+01 3.00000000e+00 9.80000000e+01 2.00000000e+00
 3.44560000e+04 1.56562500e+01 1.60000000e+01 8.00000000e+00 9.80000000e+01 2.00000000e+00
 3.44560000e+04 1.56658333e+01 1.60000000e+01 1.20000000e+01 9.80000000e+01 2.00000000e+00
 3.44560000e+04 1.56875000e+01 1.60000000e+01 8.00000000e+00 9.70000000e+01 2.00000000e+00
 3.44560000e+04 1.57979167e+01 1.60000000e+01 3.00000000e+00 9.10000000e+01 2.00000000e+00
 3.44570000e+04 1.63125000e+01 1.60000000e+01 8.00000000e+00 9.60000000e+01 2.00000000e+00
 3.44570000e+04 1.65937500e+01 1.60000000e+01 3.00000000e+00 9.40000000e+01 2.00000000e+00
 3.44570000e+04 1.66033333e+01 1.60000000e+01 1.20000000e+01 9.30000000e+01 2.00000000e+00
 3.44570000e+04 1.66387500e+01 1.60000000e+01 9.00000000e+00 9.70000000e+01 2.00000000e+00
 3.44570000e+04 1.66529167e+01 1.60000000e+01 1.32000000e+02 9.40000000e+01 2.00000000e+00
 3.44570000e+04 1.66658333e+01 1.60000000e+01 9.00000000e+00 9.70000000e+01 2.00000000e+00
 3.44570000e+04 1.67708333e+01 1.60000000e+01 8.00000000e+00 9.80000000e+01 2.00000000e+00
 3.44570000e+04 1.67779167e+01 1.60000000e+01 1.32000000e+02 9.80000000e+01 2.00000000e+00
 3.44580000e+04 1.75383333e+01 2.10000000e+01 1.20000000e+01 9.30000000e+01 2.00000000e+00
 3.44580000e+04 1.75458333e+01 2.10000000e+01 8.00000000e+00 9.80000000e+01 2.00000000e+00
 3.44580000e+04 1.75695833e+01 2.10000000e+01 1.32000000e+02 9.80000000e+01 2.00000000e+00
 3.44580000e+04 1.76250000e+01 2.10000000e+01 8.00000000e+00 9.80000000e+01 2.00000000e+00
 3.44580000e+04 1.76283333e+01 2.10000000e+01 8.00000000e+00 9.80000000e+01 2.00000000e+00
 3.44580000e+04 1.76408333e+01 2.10000000e+01 8.00000000e+00 9.70000000e+01 2.00000000e+00
 3.44580000e+04 1.76529167e+01 2.10000000e+01 9.00000000e+00 9.70000000e+01 2.00000000e+00
 3.44590000e+04 1.85250000e+01 2.80000000e+01 8.00000000e+00 9.80000000e+01 2.00000000e+00
 3.44590000e+04 1.85345833e+01 2.80000000e+01 1.20000000e+01 9.80000000e+01 2.00000000e+00
 3.44590000e+04 1.85362500e+01 2.80000000e+01 1.20000000e+01 9.80000000e+01 2.00000000e+00
 3.44590000e+04 1.85425000e+01 2.80000000e+01 1.20000000e+01 9.80000000e+01 2.00000000e+00
 3.44590000e+04 1.86208333e+01 2.80000000e+01 1.31000000e+02 9.40000000e+01 2.00000000e+00
 3.44590000e+04 1.86345833e+01 2.80000000e+01 1.20000000e+01 9.80000000e+01 2.00000000e+00
 3.44590000e+04 1.86450000e+01 2.80000000e+01 1.20000000e+01 9.40000000e+01 2.00000000e+00
 3.44590000e+04 1.86562500e+01 2.80000000e+01 1.32000000e+02 9.10000000e+01 1.00000000e+00
 3.44590000e+04 1.87083333e+01 2.80000000e+01 3.00000000e+00 9.70000000e+01 2.00000000e+00
 3.44590000e+04 1.87637500e+01 2.80000000e+01 3.00000000e+00 9.80000000e+01 2.00000000e+00
 3.44590000e+04 1.88050000e+01 2.80000000e+01 8.00000000e+00 9.80000000e+01 2.00000000e+00
 3.44590000e+04 1.88375000e+01 2.80000000e+01 3.00000000e+00 9.70000000e+01 2.00000000e+00
 3.44590000e+04 1.88950000e+01 2.80000000e+01 8.00000000e+00 9.80000000e+01 2.00000000e+00
 3.44600000e+04 1.94783333e+01 2.50000000e+01 8.00000000e+00 9.80000000e+01 2.00000000e+00
 3.44600000e+04 1.96250000e+01 2.50000000e+01 3.00000000e+00 9.10000000e+01 2.00000000e+00
 3.44600000e+04 1.97604167e+01 2.50000000e+01 9.00000000e+00 9.80000000e+01 2.00000000e+00
 3.44600000e+04 1.97908333e+01 2.50000000e+01 9.00000000e+00 9.01000000e+02 2.00000000e+00
 3.44600000e+04 1.98541667e+01 2.50000000e+01 1.20000000e+01 9.80000000e+01 2.00000000e+00
 3.44610000e+04 2.05383333e+01 2.70000000e+01 8.00000000e+00 9.10000000e+01 2.00000000e+00
 3.44610000e+04 2.06062500e+01 2.70000000e+01 1.20000000e+01 9.80000000e+01 2.00000000e+00
 3.44610000e+04 2.06075000e+01 2.70000000e+01 1.20000000e+01 9.30000000e+01 2.00000000e+00
 3.44610000e+04 2.06408333e+01 2.70000000e+01 3.00000000e+00 9.80000000e+01 2.00000000e+00
 3.44610000e+04 2.06833333e+01 2.70000000e+01 1.20000000e+01 9.30000000e+01 2.00000000e+00
 3.44610000e+04 2.06945833e+01 2.70000000e+01 2.00000000e+00 9.80000000e+01 2.00000000e+00
 3.44610000e+04 2.07425000e+01 2.70000000e+01 3.00000000e+00 9.60000000e+01 2.00000000e+00
 3.44610000e+04 2.08333333e+01 2.70000000e+01 2.00000000e+00 9.80000000e+01 2.00000000e+00
 3.44610000e+04 2.08783333e+01 2.70000000e+01 9.00000000e+00 9.80000000e+01 2.00000000e+00
 3.44620000e+04 2.15437500e+01 2.60000000e+01 1.32000000e+02 9.80000000e+01 2.00000000e+00
 3.44620000e+04 2.15541667e+01 2.60000000e+01 1.20000000e+01 9.80000000e+01 2.00000000e+00
 3.44620000e+04 2.15833333e+01 2.60000000e+01 1.20000000e+01 9.80000000e+01 2.00000000e+00
 3.44620000e+04 2.15991667e+01 2.60000000e+01 1.20000000e+01 9.60000000e+01 2.00000000e+00
 3.44620000e+04 2.16320833e+01 2.60000000e+01 1.20000000e+01 9.60000000e+01 2.00000000e+00
 3.44620000e+04 2.16345833e+01 2.60000000e+01 1.20000000e+01 9.60000000e+01 2.00000000e+00
 3.44620000e+04 2.16500000e+01 2.60000000e+01 3.00000000e+00 9.80000000e+01 2.00000000e+00
 3.44620000e+04 2.16658333e+01 2.60000000e+01 1.32000000e+02 9.70000000e+01 2.00000000e+00
 3.44620000e+04 2.16945833e+01 2.60000000e+01 3.00000000e+00 9.40000000e+01 2.00000000e+00
 3.44620000e+04 2.17708333e+01 2.60000000e+01 3.00000000e+00 9.80000000e+01 2.00000000e+00
 3.44620000e+04 2.17979167e+01 2.60000000e+01 1.20000000e+01 9.60000000e+01 2.00000000e+00
 3.44620000e+04 2.19262500e+01 2.60000000e+01 8.00000000e+00 9.80000000e+01 2.00000000e+00
 3.44630000e+04 2.24270833e+01 3.40000000e+01 1.20000000e+01 9.70000000e+01 2.00000000e+00
 3.44630000e+04 2.24966667e+01 3.40000000e+01 1.32000000e+02 9.30000000e+01 2.00000000e+00
 3.44630000e+04 2.25241667e+01 3.40000000e+01 1.32000000e+02 9.70000000e+01 2.00000000e+00
 3.44630000e+04 2.25320833e+01 3.40000000e+01 1.20000000e+01 9.30000000e+01 2.00000000e+00
 3.44630000e+04 2.25408333e+01 3.40000000e+01 1.20000000e+01 9.70000000e+01 2.00000000e+00
 3.44630000e+04 2.25720833e+01 3.40000000e+01 3.00000000e+00 9.10000000e+01 2.00000000e+00
 3.44630000e+04 2.25825000e+01 3.40000000e+01 1.20000000e+01 9.70000000e+01 2.00000000e+00
 3.44630000e+04 2.25937500e+01 3.40000000e+01 1.20000000e+01 9.80000000e+01 2.00000000e+00
 3.44630000e+04 2.26054167e+01 3.40000000e+01 1.32000000e+02 9.80000000e+01 2.00000000e+00
 3.44630000e+04 2.26408333e+01 3.40000000e+01 8.00000000e+00 9.30000000e+01 2.00000000e+00
 3.44630000e+04 2.26875000e+01 3.40000000e+01 8.00000000e+00 9.70000000e+01 2.00000000e+00
 3.44630000e+04 2.28262500e+01 3.40000000e+01 1.20000000e+01 9.40000000e+01 2.00000000e+00
 3.44630000e+04 2.28404167e+01 3.40000000e+01 1.20000000e+01 9.80000000e+01 2.00000000e+00
 3.44640000e+04 2.34208333e+01 3.10000000e+01 9.00000000e+00 9.70000000e+01 2.00000000e+00
 3.44640000e+04 2.34854167e+01 3.10000000e+01 9.00000000e+00 9.70000000e+01 2.00000000e+00
 3.44640000e+04 2.35904167e+01 3.10000000e+01 1.32000000e+02 9.80000000e+01 2.00000000e+00
 3.44640000e+04 2.36320833e+01 3.10000000e+01 8.00000000e+00 9.40000000e+01 2.00000000e+00
 3.44640000e+04 2.36675000e+01 3.10000000e+01 8.00000000e+00 9.10000000e+01 2.00000000e+00
 3.44640000e+04 2.37387500e+01 3.10000000e+01 1.32000000e+02 9.40000000e+01 2.00000000e+00
 3.44660000e+04 2.55658333e+01 9.00000000e+00 8.00000000e+00 9.80000000e+01 2.00000000e+00
 3.44660000e+04 2.56708333e+01 9.00000000e+00 1.20000000e+01 9.01000000e+02 2.00000000e+00
 3.44660000e+04 2.57737500e+01 9.00000000e+00 2.00000000e+00 9.10000000e+01 2.00000000e+00
 3.44670000e+04 2.63291667e+01 7.00000000e+00 2.00000000e+00 9.30000000e+01 2.00000000e+00
 3.44670000e+04 2.65904167e+01 7.00000000e+00 1.32000000e+02 9.40000000e+01 2.00000000e+00
 3.44670000e+04 2.66966667e+01 7.00000000e+00 8.00000000e+00 9.80000000e+01 2.00000000e+00
 3.44670000e+04 2.67500000e+01 7.00000000e+00 1.20000000e+01 9.40000000e+01 2.00000000e+00
 3.44680000e+04 2.74512500e+01 1.50000000e+01 1.20000000e+01 9.80000000e+01 2.00000000e+00
 3.44680000e+04 2.75154167e+01 1.50000000e+01 1.32000000e+02 9.70000000e+01 2.00000000e+00
 3.44680000e+04 2.75479167e+01 1.50000000e+01 3.00000000e+00 9.70000000e+01 2.00000000e+00
 3.44680000e+04 2.75512500e+01 1.50000000e+01 2.00000000e+00 9.80000000e+01 2.00000000e+00
 3.44680000e+04 2.75804167e+01 1.50000000e+01 8.00000000e+00 9.80000000e+01 2.00000000e+00
 3.44680000e+04 2.76283333e+01 1.50000000e+01 8.00000000e+00 9.70000000e+01 2.00000000e+00
 3.44680000e+04 2.76383333e+01 1.50000000e+01 1.32000000e+02 9.70000000e+01 2.00000000e+00
 3.44680000e+04 2.78179167e+01 1.50000000e+01 8.00000000e+00 9.10000000e+01 2.00000000e+00
 3.44690000e+04 2.83333333e+01 1.50000000e+01 1.20000000e+01 9.70000000e+01 2.00000000e+00
 3.44690000e+04 2.85383333e+01 1.50000000e+01 1.20000000e+01 9.70000000e+01 2.00000000e+00
 3.44690000e+04 2.87916667e+01 1.50000000e+01 9.00000000e+00 9.60000000e+01 2.00000000e+00
 3.44700000e+04 2.97908333e+01 1.20000000e+01 9.00000000e+00 9.01000000e+02 2.00000000e+00
 3.44720000e+04 3.15104167e+01 9.00000000e+00 1.20000000e+01 9.80000000e+01 2.00000000e+00
 3.44720000e+04 3.16508333e+01 9.00000000e+00 1.20000000e+01 9.30000000e+01 2.00000000e+00
 3.44720000e+04 3.16595833e+01 9.00000000e+00 1.20000000e+01 9.40000000e+01 2.00000000e+00
 3.44720000e+04 3.16595833e+01 9.00000000e+00 8.00000000e+00 9.70000000e+01 2.00000000e+00
 3.44720000e+04 3.17075000e+01 9.00000000e+00 1.20000000e+01 9.30000000e+01 2.00000000e+00
 3.44720000e+04 3.17125000e+01 9.00000000e+00 1.20000000e+01 9.30000000e+01 2.00000000e+00
 3.44720000e+04 3.18512500e+01 9.00000000e+00 2.00000000e+00 9.01000000e+02 1.00000000e+00
 3.44720000e+04 3.18716667e+01 9.00000000e+00 1.32000000e+02 9.01000000e+02 1.00000000e+00
 3.44730000e+04 3.23404167e+01 1.90000000e+01 9.00000000e+00 9.40000000e+01 1.00000000e+00
 3.44730000e+04 3.25000000e+01 1.90000000e+01 8.00000000e+00 9.10000000e+01 2.00000000e+00
 3.44730000e+04 3.25416667e+01 1.90000000e+01 9.00000000e+00 9.70000000e+01 2.00000000e+00
 3.44730000e+04 3.25904167e+01 1.90000000e+01 2.00000000e+00 2.17000000e+02 2.00000000e+00
 3.44730000e+04 3.26333333e+01 1.90000000e+01 9.00000000e+00 9.40000000e+01 2.00000000e+00
 3.44730000e+04 3.27075000e+01 1.90000000e+01 3.00000000e+00 9.01000000e+02 1.00000000e+00
 3.44730000e+04 3.27320833e+01 1.90000000e+01 9.00000000e+00 9.40000000e+01 2.00000000e+00
 3.44730000e+04 3.27429167e+01 1.90000000e+01 9.00000000e+00 9.40000000e+01 2.00000000e+00
 3.44730000e+04 3.27487500e+01 1.90000000e+01 1.20000000e+01 9.10000000e+01 2.00000000e+00
 3.44730000e+04 3.29091667e+01 1.90000000e+01 1.20000000e+01 9.10000000e+01 2.00000000e+00
 3.44730000e+04 3.29470833e+01 1.90000000e+01 9.00000000e+00 9.40000000e+01 2.00000000e+00
 3.44740000e+04 3.34637500e+01 3.30000000e+01 9.00000000e+00 9.60000000e+01 2.00000000e+00
 3.44740000e+04 3.34666667e+01 3.30000000e+01 3.00000000e+00 9.70000000e+01 2.00000000e+00
 3.44740000e+04 3.35145833e+01 3.30000000e+01 9.00000000e+00 9.70000000e+01 2.00000000e+00
 3.44740000e+04 3.35395833e+01 3.30000000e+01 1.32000000e+02 9.80000000e+01 2.00000000e+00
 3.44740000e+04 3.35825000e+01 3.30000000e+01 9.00000000e+00 9.01000000e+02 1.00000000e+00
 3.44740000e+04 3.36012500e+01 3.30000000e+01 1.20000000e+01 9.80000000e+01 2.00000000e+00
 3.44740000e+04 3.36175000e+01 3.30000000e+01 1.20000000e+01 9.30000000e+01 2.00000000e+00
 3.44740000e+04 3.36562500e+01 3.30000000e+01 1.32000000e+02 9.80000000e+01 2.00000000e+00
 3.44740000e+04 3.37300000e+01 3.30000000e+01 3.00000000e+00 9.40000000e+01 2.00000000e+00
 3.44740000e+04 3.37500000e+01 3.30000000e+01 1.20000000e+01 9.80000000e+01 2.00000000e+00
 3.44740000e+04 3.37637500e+01 3.30000000e+01 1.20000000e+01 9.80000000e+01 2.00000000e+00
 3.44740000e+04 3.37741667e+01 3.30000000e+01 8.00000000e+00 9.80000000e+01 2.00000000e+00
 3.44740000e+04 3.38220833e+01 3.30000000e+01 1.20000000e+01 9.40000000e+01 2.00000000e+00
 3.44740000e+04 3.38862500e+01 3.30000000e+01 2.00000000e+00 9.70000000e+01 2.00000000e+00
 3.44750000e+04 3.43325000e+01 3.90000000e+01 3.00000000e+00 9.80000000e+01 2.00000000e+00
 3.44750000e+04 3.43970833e+01 3.90000000e+01 3.00000000e+00 9.40000000e+01 1.00000000e+00
 3.44750000e+04 3.44229167e+01 3.90000000e+01 3.00000000e+00 9.01000000e+02 1.00000000e+00
 3.44750000e+04 3.44966667e+01 3.90000000e+01 1.20000000e+01 9.80000000e+01 2.00000000e+00
 3.44750000e+04 3.45200000e+01 3.90000000e+01 1.32000000e+02 9.80000000e+01 2.00000000e+00
 3.44750000e+04 3.45825000e+01 3.90000000e+01 1.20000000e+01 9.70000000e+01 2.00000000e+00
 3.44750000e+04 3.45833333e+01 3.90000000e+01 2.00000000e+00 9.40000000e+01 1.00000000e+00
 3.44750000e+04 3.45970833e+01 3.90000000e+01 2.00000000e+00 9.40000000e+01 1.00000000e+00
 3.44750000e+04 3.46029167e+01 3.90000000e+01 1.20000000e+01 9.30000000e+01 2.00000000e+00
 3.44750000e+04 3.46187500e+01 3.90000000e+01 3.00000000e+00 9.70000000e+01 2.00000000e+00
 3.44750000e+04 3.46487500e+01 3.90000000e+01 1.20000000e+01 9.80000000e+01 2.00000000e+00
 3.44750000e+04 3.47041667e+01 3.90000000e+01 1.32000000e+02 9.70000000e+01 2.00000000e+00
 3.44750000e+04 3.47166667e+01 3.90000000e+01 1.20000000e+01 9.10000000e+01 2.00000000e+00
 3.44750000e+04 3.47466667e+01 3.90000000e+01 1.20000000e+01 9.40000000e+01 2.00000000e+00
 3.44760000e+04 3.54375000e+01 3.20000000e+01 1.20000000e+01 9.80000000e+01 2.00000000e+00
 3.44760000e+04 3.55033333e+01 3.20000000e+01 1.20000000e+01 9.80000000e+01 2.00000000e+00
 3.44760000e+04 3.55304167e+01 3.20000000e+01 8.00000000e+00 9.80000000e+01 2.00000000e+00
 3.44760000e+04 3.56562500e+01 3.20000000e+01 3.00000000e+00 9.60000000e+01 2.00000000e+00
 3.44770000e+04 3.65729167e+01 2.50000000e+01 1.32000000e+02 9.70000000e+01 2.00000000e+00
 3.44770000e+04 3.65866667e+01 2.50000000e+01 1.20000000e+01 9.80000000e+01 2.00000000e+00
 3.44770000e+04 3.66354167e+01 2.50000000e+01 2.00000000e+00 9.01000000e+02 1.00000000e+00
 3.44770000e+04 3.66354167e+01 2.50000000e+01 1.20000000e+01 9.80000000e+01 2.00000000e+00
 3.44770000e+04 3.66554167e+01 2.50000000e+01 8.00000000e+00 9.70000000e+01 2.00000000e+00
 3.44770000e+04 3.66637500e+01 2.50000000e+01 9.00000000e+00 9.01000000e+02 1.00000000e+00
 3.44770000e+04 3.67554167e+01 2.50000000e+01 9.00000000e+00 9.80000000e+01 2.00000000e+00
 3.44780000e+04 3.74229167e+01 1.50000000e+01 8.00000000e+00 9.70000000e+01 2.00000000e+00
 3.44780000e+04 3.75966667e+01 1.50000000e+01 3.00000000e+00 9.10000000e+01 1.00000000e+00
 3.44780000e+04 3.76345833e+01 1.50000000e+01 1.32000000e+02 9.70000000e+01 2.00000000e+00
 3.44780000e+04 3.77012500e+01 1.50000000e+01 1.32000000e+02 9.01000000e+02 1.00000000e+00
 3.44790000e+04 3.84654167e+01 2.10000000e+01 8.00000000e+00 9.80000000e+01 2.00000000e+00
 3.44790000e+04 3.85729167e+01 2.10000000e+01 8.00000000e+00 9.80000000e+01 2.00000000e+00
 3.44790000e+04 3.85970833e+01 2.10000000e+01 1.32000000e+02 9.60000000e+01 2.00000000e+00
 3.44790000e+04 3.86466667e+01 2.10000000e+01 9.00000000e+00 9.10000000e+01 2.00000000e+00
 3.44790000e+04 3.86529167e+01 2.10000000e+01 1.20000000e+01 9.01000000e+02 2.00000000e+00
 3.44790000e+04 3.86675000e+01 2.10000000e+01 9.00000000e+00 9.70000000e+01 2.00000000e+00
 3.44790000e+04 3.87075000e+01 2.10000000e+01 9.00000000e+00 9.40000000e+01 2.00000000e+00
 3.44790000e+04 3.87841667e+01 2.10000000e+01 9.00000000e+00 9.01000000e+02 2.00000000e+00
 3.44790000e+04 3.88404167e+01 2.10000000e+01 1.32000000e+02 9.60000000e+01 2.00000000e+00
 3.44790000e+04 3.88750000e+01 2.10000000e+01 3.00000000e+00 9.60000000e+01 2.00000000e+00
 3.44800000e+04 3.93383333e+01 2.20000000e+01 9.00000000e+00 9.60000000e+01 2.00000000e+00
 3.44800000e+04 3.94762500e+01 2.20000000e+01 9.00000000e+00 9.01000000e+02 2.00000000e+00
 3.44800000e+04 3.96137500e+01 2.20000000e+01 1.20000000e+01 9.60000000e+01 2.00000000e+00
 3.44800000e+04 3.96145833e+01 2.20000000e+01 1.32000000e+02 9.30000000e+01 2.00000000e+00
 3.44800000e+04 3.96741667e+01 2.20000000e+01 1.20000000e+01 9.40000000e+01 1.00000000e+00
 3.44800000e+04 3.96841667e+01 2.20000000e+01 1.32000000e+02 9.70000000e+01 2.00000000e+00
 3.44800000e+04 3.96945833e+01 2.20000000e+01 2.00000000e+00 9.40000000e+01 1.00000000e+00
 3.44800000e+04 3.97708333e+01 2.20000000e+01 1.32000000e+02 9.01000000e+02 2.00000000e+00
 3.44810000e+04 4.05612500e+01 2.70000000e+01 3.00000000e+00 9.70000000e+01 2.00000000e+00
 3.44810000e+04 4.06216667e+01 2.70000000e+01 1.20000000e+01 9.01000000e+02 2.00000000e+00
 3.44810000e+04 4.06300000e+01 2.70000000e+01 3.00000000e+00 9.01000000e+02 2.00000000e+00
 3.44810000e+04 4.06416667e+01 2.70000000e+01 8.00000000e+00 9.80000000e+01 2.00000000e+00
 3.44810000e+04 4.06679167e+01 2.70000000e+01 9.00000000e+00 9.40000000e+01 1.00000000e+00
 3.44810000e+04 4.06895833e+01 2.70000000e+01 3.00000000e+00 9.10000000e+01 2.00000000e+00
 3.44810000e+04 4.07154167e+01 2.70000000e+01 2.00000000e+00 9.70000000e+01 2.00000000e+00
 3.44810000e+04 4.07637500e+01 2.70000000e+01 1.20000000e+01 9.40000000e+01 2.00000000e+00
 3.44810000e+04 4.08470833e+01 2.70000000e+01 1.20000000e+01 9.70000000e+01 2.00000000e+00
 3.44820000e+04 4.12916667e+01 2.20000000e+01 2.00000000e+00 9.40000000e+01 2.00000000e+00
 3.44820000e+04 4.14758333e+01 2.20000000e+01 8.00000000e+00 9.01000000e+02 2.00000000e+00
 3.44820000e+04 4.14958333e+01 2.20000000e+01 1.20000000e+01 9.40000000e+01 2.00000000e+00
 3.44820000e+04 4.15862500e+01 2.20000000e+01 1.20000000e+01 9.30000000e+01 2.00000000e+00
 3.44820000e+04 4.16320833e+01 2.20000000e+01 9.00000000e+00 9.01000000e+02 2.00000000e+00
 3.44830000e+04 4.26083333e+01 1.80000000e+01 8.00000000e+00 9.80000000e+01 2.00000000e+00
 3.44830000e+04 4.26875000e+01 1.80000000e+01 3.00000000e+00 9.50000000e+01 2.00000000e+00
 3.44830000e+04 4.27908333e+01 1.80000000e+01 1.20000000e+01 9.60000000e+01 2.00000000e+00
 3.44830000e+04 4.28958333e+01 1.80000000e+01 8.00000000e+00 9.70000000e+01 2.00000000e+00
 3.44840000e+04 4.36250000e+01 1.00000000e+01 3.00000000e+00 9.80000000e+01 2.00000000e+00
 3.44860000e+04 4.56075000e+01 2.00000000e+00 1.20000000e+01 9.60000000e+01 2.00000000e+00
 3.44870000e+04 4.65320833e+01 5.00000000e+00 2.00000000e+00 9.01000000e+02 1.00000000e+00
 3.44870000e+04 4.65408333e+01 5.00000000e+00 9.00000000e+00 9.60000000e+01 2.00000000e+00
 3.44870000e+04 4.67304167e+01 5.00000000e+00 2.00000000e+00 9.80000000e+01 2.00000000e+00
 3.44870000e+04 4.69375000e+01 5.00000000e+00 1.20000000e+01 9.01000000e+02 2.00000000e+00
 3.44880000e+04 4.74637500e+01 1.00000000e+01 8.00000000e+00 9.40000000e+01 2.00000000e+00
 3.44880000e+04 4.75137500e+01 1.00000000e+01 3.00000000e+00 9.80000000e+01 2.00000000e+00
 3.44880000e+04 4.76658333e+01 1.00000000e+01 2.00000000e+00 9.80000000e+01 2.00000000e+00
 3.44880000e+04 4.76875000e+01 1.00000000e+01 3.00000000e+00 9.10000000e+01 2.00000000e+00
 3.44880000e+04 4.78750000e+01 1.00000000e+01 1.20000000e+01 9.60000000e+01 2.00000000e+00
 3.44890000e+04 4.84279167e+01 1.80000000e+01 1.20000000e+01 9.40000000e+01 2.00000000e+00
 3.44890000e+04 4.86012500e+01 1.80000000e+01 2.00000000e+00 9.50000000e+01 1.00000000e+00
 3.44890000e+04 4.86429167e+01 1.80000000e+01 2.00000000e+00 9.80000000e+01 2.00000000e+00
 3.44890000e+04 4.86720833e+01 1.80000000e+01 1.20000000e+01 9.60000000e+01 2.00000000e+00
 3.44890000e+04 4.86945833e+01 1.80000000e+01 9.00000000e+00 9.40000000e+01 2.00000000e+00
 3.44890000e+04 4.87041667e+01 1.80000000e+01 8.00000000e+00 9.70000000e+01 2.00000000e+00
 3.44890000e+04 4.87104167e+01 1.80000000e+01 2.00000000e+00 9.01000000e+02 1.00000000e+00
 3.44890000e+04 4.87425000e+01 1.80000000e+01 3.00000000e+00 9.40000000e+01 2.00000000e+00
 3.44890000e+04 4.87658333e+01 1.80000000e+01 3.00000000e+00 9.80000000e+01 2.00000000e+00
 3.44900000e+04 4.95825000e+01 2.10000000e+01 1.32000000e+02 9.80000000e+01 2.00000000e+00
 3.44900000e+04 4.95966667e+01 2.10000000e+01 1.20000000e+01 9.40000000e+01 2.00000000e+00
 3.44900000e+04 4.95966667e+01 2.10000000e+01 1.20000000e+01 9.80000000e+01 2.00000000e+00
 3.44900000e+04 4.96075000e+01 2.10000000e+01 3.00000000e+00 9.01000000e+02 1.00000000e+00
 3.44900000e+04 4.96562500e+01 2.10000000e+01 1.32000000e+02 9.80000000e+01 2.00000000e+00
 3.44900000e+04 4.97112500e+01 2.10000000e+01 1.32000000e+02 9.30000000e+01 2.00000000e+00
 3.44900000e+04 4.97529167e+01 2.10000000e+01 3.00000000e+00 9.50000000e+01 1.00000000e+00
 3.44910000e+04 5.05300000e+01 2.00000000e+01 1.32000000e+02 9.70000000e+01 2.00000000e+00
 3.44910000e+04 5.06083333e+01 2.00000000e+01 1.20000000e+01 9.01000000e+02 2.00000000e+00
 3.44910000e+04 5.06283333e+01 2.00000000e+01 1.32000000e+02 9.80000000e+01 2.00000000e+00
 3.44910000e+04 5.08533333e+01 2.00000000e+01 2.00000000e+00 9.80000000e+01 2.00000000e+00
 3.44920000e+04 5.15237500e+01 1.40000000e+01 2.00000000e+00 9.40000000e+01 2.00000000e+00
 3.44920000e+04 5.16345833e+01 1.40000000e+01 3.00000000e+00 9.50000000e+01 1.00000000e+00
 3.44920000e+04 5.16729167e+01 1.40000000e+01 3.00000000e+00 9.01000000e+02 1.00000000e+00
 3.44930000e+04 5.27583333e+01 8.00000000e+00 1.20000000e+01 9.01000000e+02 2.00000000e+00
 3.44940000e+04 5.34262500e+01 1.40000000e+01 3.00000000e+00 9.80000000e+01 2.00000000e+00
 3.44940000e+04 5.35166667e+01 1.40000000e+01 1.32000000e+02 9.01000000e+02 2.00000000e+00
 3.44940000e+04 5.35200000e+01 1.40000000e+01 9.00000000e+00 9.40000000e+01 2.00000000e+00
 3.44940000e+04 5.36158333e+01 1.40000000e+01 1.32000000e+02 9.40000000e+01 2.00000000e+00
 3.44940000e+04 5.36383333e+01 1.40000000e+01 1.32000000e+02 9.01000000e+02 1.00000000e+00
 3.44940000e+04 5.36416667e+01 1.40000000e+01 9.00000000e+00 9.10000000e+01 2.00000000e+00
 3.44940000e+04 5.36929167e+01 1.40000000e+01 8.00000000e+00 9.40000000e+01 1.00000000e+00
 3.44940000e+04 5.37345833e+01 1.40000000e+01 1.20000000e+01 9.60000000e+01 2.00000000e+00
 3.44940000e+04 5.38050000e+01 1.40000000e+01 3.00000000e+00 9.01000000e+02 2.00000000e+00
 3.44940000e+04 5.38533333e+01 1.40000000e+01 1.20000000e+01 9.70000000e+01 2.00000000e+00
 3.44950000e+04 5.43404167e+01 2.70000000e+01 2.00000000e+00 9.01000000e+02 1.00000000e+00
 3.44950000e+04 5.43508333e+01 2.70000000e+01 2.00000000e+00 9.60000000e+01 2.00000000e+00
 3.44950000e+04 5.44583333e+01 2.70000000e+01 3.00000000e+00 9.50000000e+01 2.00000000e+00
 3.44950000e+04 5.45312500e+01 2.70000000e+01 3.00000000e+00 9.80000000e+01 2.00000000e+00
 3.44950000e+04 5.45416667e+01 2.70000000e+01 1.32000000e+02 9.30000000e+01 2.00000000e+00
 3.44950000e+04 5.45562500e+01 2.70000000e+01 3.00000000e+00 9.50000000e+01 1.00000000e+00
 3.44950000e+04 5.45987500e+01 2.70000000e+01 1.20000000e+01 9.80000000e+01 2.00000000e+00
 3.44950000e+04 5.46008333e+01 2.70000000e+01 1.32000000e+02 9.01000000e+02 2.00000000e+00
 3.44950000e+04 5.46054167e+01 2.70000000e+01 2.00000000e+00 2.17000000e+02 2.00000000e+00
 3.44950000e+04 5.46387500e+01 2.70000000e+01 1.32000000e+02 9.80000000e+01 2.00000000e+00
 3.44950000e+04 5.46666667e+01 2.70000000e+01 1.32000000e+02 9.10000000e+01 2.00000000e+00
 3.44950000e+04 5.46729167e+01 2.70000000e+01 2.00000000e+00 9.50000000e+01 1.00000000e+00
 3.44950000e+04 5.47012500e+01 2.70000000e+01 1.20000000e+01 9.40000000e+01 2.00000000e+00
 3.44950000e+04 5.47241667e+01 2.70000000e+01 1.32000000e+02 9.80000000e+01 2.00000000e+00
 3.44950000e+04 5.47500000e+01 2.70000000e+01 9.00000000e+00 9.50000000e+01 1.00000000e+00
 3.44950000e+04 5.48262500e+01 2.70000000e+01 9.00000000e+00 9.01000000e+02 2.00000000e+00
 3.44960000e+04 5.53541667e+01 3.80000000e+01 8.00000000e+00 9.60000000e+01 2.00000000e+00
 3.44960000e+04 5.55000000e+01 3.80000000e+01 1.32000000e+02 9.01000000e+02 1.00000000e+00
 3.44960000e+04 5.55845833e+01 3.80000000e+01 1.20000000e+01 9.80000000e+01 2.00000000e+00
 3.44960000e+04 5.55862500e+01 3.80000000e+01 8.00000000e+00 9.80000000e+01 2.00000000e+00
 3.44960000e+04 5.56104167e+01 3.80000000e+01 1.32000000e+02 9.80000000e+01 2.00000000e+00
 3.44960000e+04 5.56633333e+01 3.80000000e+01 1.20000000e+01 9.80000000e+01 2.00000000e+00
 3.44960000e+04 5.56770833e+01 3.80000000e+01 1.20000000e+01 9.70000000e+01 2.00000000e+00
 3.44960000e+04 5.57187500e+01 3.80000000e+01 3.00000000e+00 9.50000000e+01 2.00000000e+00
 3.44960000e+04 5.57395833e+01 3.80000000e+01 1.32000000e+02 9.70000000e+01 2.00000000e+00
 3.44960000e+04 5.57916667e+01 3.80000000e+01 9.00000000e+00 9.40000000e+01 1.00000000e+00
 3.44960000e+04 5.58020833e+01 3.80000000e+01 9.00000000e+00 9.70000000e+01 2.00000000e+00
 3.44960000e+04 5.58125000e+01 3.80000000e+01 1.20000000e+01 9.60000000e+01 2.00000000e+00
 3.44970000e+04 5.64541667e+01 4.00000000e+01 9.00000000e+00 9.60000000e+01 2.00000000e+00
 3.44970000e+04 5.65300000e+01 4.00000000e+01 8.00000000e+00 9.10000000e+01 2.00000000e+00
 3.44970000e+04 5.65425000e+01 4.00000000e+01 1.20000000e+01 9.60000000e+01 2.00000000e+00
 3.44970000e+04 5.66250000e+01 4.00000000e+01 1.20000000e+01 9.60000000e+01 2.00000000e+00
 3.44970000e+04 5.66279167e+01 4.00000000e+01 3.00000000e+00 9.80000000e+01 2.00000000e+00
 3.44970000e+04 5.66595833e+01 4.00000000e+01 2.00000000e+00 9.40000000e+01 1.00000000e+00
 3.44970000e+04 5.66804167e+01 4.00000000e+01 1.20000000e+01 9.80000000e+01 2.00000000e+00
 3.44970000e+04 5.66833333e+01 4.00000000e+01 1.32000000e+02 9.01000000e+02 1.00000000e+00
 3.44970000e+04 5.67020833e+01 4.00000000e+01 9.00000000e+00 9.40000000e+01 2.00000000e+00
 3.44970000e+04 5.67112500e+01 4.00000000e+01 2.00000000e+00 9.50000000e+01 2.00000000e+00
 3.44970000e+04 5.68325000e+01 4.00000000e+01 1.20000000e+01 9.30000000e+01 1.00000000e+00
 3.44970000e+04 5.68845833e+01 4.00000000e+01 2.00000000e+00 9.50000000e+01 1.00000000e+00
 3.44980000e+04 5.77325000e+01 2.50000000e+01 1.20000000e+01 9.01000000e+02 2.00000000e+00
 3.44990000e+04 5.85616667e+01 1.50000000e+01 8.00000000e+00 9.80000000e+01 2.00000000e+00
 3.44990000e+04 5.85916667e+01 1.50000000e+01 1.20000000e+01 9.80000000e+01 2.00000000e+00
 3.45000000e+04 5.94470833e+01 1.10000000e+01 1.32000000e+02 9.60000000e+01 2.00000000e+00
 3.45000000e+04 5.95279167e+01 1.10000000e+01 1.20000000e+01 9.80000000e+01 2.00000000e+00
 3.45000000e+04 5.95658333e+01 1.10000000e+01 1.32000000e+02 9.60000000e+01 2.00000000e+00
 3.45000000e+04 5.96054167e+01 1.10000000e+01 8.00000000e+00 2.17000000e+02 2.00000000e+00
 3.45000000e+04 5.96250000e+01 1.10000000e+01 1.20000000e+01 9.60000000e+01 2.00000000e+00
 3.45000000e+04 5.96345833e+01 1.10000000e+01 3.00000000e+00 9.30000000e+01 1.00000000e+00
 3.45000000e+04 5.97054167e+01 1.10000000e+01 9.00000000e+00 9.40000000e+01 1.00000000e+00
 3.45000000e+04 5.98125000e+01 1.10000000e+01 1.32000000e+02 9.40000000e+01 1.00000000e+00
 3.45010000e+04 6.05695833e+01 1.90000000e+01 3.00000000e+00 9.80000000e+01 2.00000000e+00
 3.45010000e+04 6.05762500e+01 1.90000000e+01 1.20000000e+01 9.80000000e+01 2.00000000e+00
 3.45010000e+04 6.06041667e+01 1.90000000e+01 1.32000000e+02 9.10000000e+01 1.00000000e+00
 3.45010000e+04 6.06250000e+01 1.90000000e+01 8.00000000e+00 9.70000000e+01 2.00000000e+00
 3.45010000e+04 6.06675000e+01 1.90000000e+01 1.32000000e+02 9.01000000e+02 1.00000000e+00
 3.45010000e+04 6.07187500e+01 1.90000000e+01 8.00000000e+00 9.80000000e+01 2.00000000e+00
 3.45010000e+04 6.07720833e+01 1.90000000e+01 1.32000000e+02 9.70000000e+01 2.00000000e+00
 3.45010000e+04 6.08050000e+01 1.90000000e+01 3.00000000e+00 9.01000000e+02 1.00000000e+00
 3.45010000e+04 6.08445833e+01 1.90000000e+01 1.32000000e+02 9.01000000e+02 1.00000000e+00
 3.45020000e+04 6.13325000e+01 2.90000000e+01 9.00000000e+00 9.70000000e+01 2.00000000e+00
 3.45020000e+04 6.13916667e+01 2.90000000e+01 3.00000000e+00 9.40000000e+01 2.00000000e+00
 3.45020000e+04 6.13966667e+01 2.90000000e+01 8.00000000e+00 9.80000000e+01 2.00000000e+00
 3.45020000e+04 6.15000000e+01 2.90000000e+01 9.00000000e+00 9.70000000e+01 1.00000000e+00
 3.45020000e+04 6.15500000e+01 2.90000000e+01 2.00000000e+00 9.40000000e+01 1.00000000e+00
 3.45020000e+04 6.15945833e+01 2.90000000e+01 1.20000000e+01 9.80000000e+01 2.00000000e+00
 3.45020000e+04 6.16500000e+01 2.90000000e+01 1.20000000e+01 9.80000000e+01 2.00000000e+00
 3.45020000e+04 6.16633333e+01 2.90000000e+01 1.20000000e+01 9.80000000e+01 2.00000000e+00
 3.45020000e+04 6.16854167e+01 2.90000000e+01 1.20000000e+01 9.60000000e+01 2.00000000e+00
 3.45020000e+04 6.17291667e+01 2.90000000e+01 1.32000000e+02 9.50000000e+01 1.00000000e+00
 3.45020000e+04 6.17741667e+01 2.90000000e+01 1.32000000e+02 9.40000000e+01 1.00000000e+00
 3.45020000e+04 6.18491667e+01 2.90000000e+01 3.00000000e+00 8.90000000e+01 1.00000000e+00
 3.45030000e+04 6.20033333e+01 3.00000000e+01 9.00000000e+00 9.01000000e+02 2.00000000e+00
 3.45030000e+04 6.24779167e+01 3.00000000e+01 1.32000000e+02 9.60000000e+01 1.00000000e+00
 3.45030000e+04 6.25825000e+01 3.00000000e+01 8.00000000e+00 9.80000000e+01 2.00000000e+00
 3.45030000e+04 6.26395833e+01 3.00000000e+01 1.31000000e+02 9.40000000e+01 2.00000000e+00
 3.45030000e+04 6.26862500e+01 3.00000000e+01 3.00000000e+00 9.80000000e+01 1.00000000e+00
 3.45030000e+04 6.27633333e+01 3.00000000e+01 3.00000000e+00 9.60000000e+01 1.00000000e+00
 3.45030000e+04 6.27812500e+01 3.00000000e+01 9.00000000e+00 9.60000000e+01 1.00000000e+00
 3.45030000e+04 6.27916667e+01 3.00000000e+01 3.00000000e+00 9.50000000e+01 1.00000000e+00
 3.45030000e+04 6.28554167e+01 3.00000000e+01 2.00000000e+00 2.17000000e+02 1.00000000e+00
 3.45040000e+04 6.33570833e+01 3.00000000e+01 9.00000000e+00 9.40000000e+01 1.00000000e+00
 3.45040000e+04 6.35179167e+01 3.00000000e+01 2.00000000e+00 9.50000000e+01 2.00000000e+00
 3.45040000e+04 6.35258333e+01 3.00000000e+01 1.20000000e+01 9.70000000e+01 1.00000000e+00
 3.45040000e+04 6.35291667e+01 3.00000000e+01 8.00000000e+00 9.30000000e+01 2.00000000e+00
 3.45040000e+04 6.35512500e+01 3.00000000e+01 8.00000000e+00 9.80000000e+01 2.00000000e+00
 3.45040000e+04 6.35825000e+01 3.00000000e+01 8.00000000e+00 9.70000000e+01 2.00000000e+00
 3.45040000e+04 6.35904167e+01 3.00000000e+01 9.00000000e+00 9.60000000e+01 1.00000000e+00
 3.45040000e+04 6.37395833e+01 3.00000000e+01 9.00000000e+00 9.80000000e+01 2.00000000e+00
 3.45040000e+04 6.37700000e+01 3.00000000e+01 1.32000000e+02 9.80000000e+01 1.00000000e+00
 3.45050000e+04 6.44654167e+01 2.20000000e+01 1.32000000e+02 9.70000000e+01 2.00000000e+00
 3.45050000e+04 6.47395833e+01 2.20000000e+01 1.20000000e+01 9.80000000e+01 2.00000000e+00
 3.45050000e+04 6.47570833e+01 2.20000000e+01 1.20000000e+01 9.80000000e+01 2.00000000e+00
 3.45050000e+04 6.47916667e+01 2.20000000e+01 8.00000000e+00 9.10000000e+01 2.00000000e+00
 3.45060000e+04 6.50137500e+01 2.80000000e+01 1.20000000e+01 9.60000000e+01 2.00000000e+00
 3.45060000e+04 6.54612500e+01 2.80000000e+01 2.00000000e+00 9.01000000e+02 1.00000000e+00
 3.45060000e+04 6.55637500e+01 2.80000000e+01 8.00000000e+00 9.80000000e+01 2.00000000e+00
 3.45060000e+04 6.55700000e+01 2.80000000e+01 9.00000000e+00 9.30000000e+01 2.00000000e+00
 3.45060000e+04 6.55729167e+01 2.80000000e+01 8.00000000e+00 9.70000000e+01 2.00000000e+00
 3.45060000e+04 6.55812500e+01 2.80000000e+01 1.32000000e+02 9.40000000e+01 1.00000000e+00
 3.45060000e+04 6.56075000e+01 2.80000000e+01 8.00000000e+00 9.80000000e+01 2.00000000e+00
 3.45060000e+04 6.56166667e+01 2.80000000e+01 2.00000000e+00 9.50000000e+01 1.00000000e+00
 3.45060000e+04 6.56175000e+01 2.80000000e+01 3.00000000e+00 9.01000000e+02 1.00000000e+00
 3.45060000e+04 6.56416667e+01 2.80000000e+01 2.00000000e+00 9.01000000e+02 1.00000000e+00
 3.45060000e+04 6.56908333e+01 2.80000000e+01 3.00000000e+00 9.80000000e+01 2.00000000e+00
 3.45060000e+04 6.57012500e+01 2.80000000e+01 8.00000000e+00 9.70000000e+01 2.00000000e+00
 3.45060000e+04 6.57187500e+01 2.80000000e+01 9.00000000e+00 9.40000000e+01 1.00000000e+00
 3.45060000e+04 6.57387500e+01 2.80000000e+01 9.00000000e+00 9.70000000e+01 2.00000000e+00
 3.45060000e+04 6.57945833e+01 2.80000000e+01 2.00000000e+00 9.10000000e+01 1.00000000e+00
 3.45070000e+04 6.64791667e+01 2.90000000e+01 3.00000000e+00 9.30000000e+01 2.00000000e+00
 3.45070000e+04 6.65220833e+01 2.90000000e+01 8.00000000e+00 9.70000000e+01 1.00000000e+00
 3.45070000e+04 6.65479167e+01 2.90000000e+01 9.00000000e+00 9.10000000e+01 1.00000000e+00
 3.45070000e+04 6.65720833e+01 2.90000000e+01 9.00000000e+00 9.70000000e+01 2.00000000e+00
 3.45070000e+04 6.66104167e+01 2.90000000e+01 3.00000000e+00 9.10000000e+01 2.00000000e+00
 3.45070000e+04 6.66158333e+01 2.90000000e+01 3.00000000e+00 9.80000000e+01 2.00000000e+00
 3.45070000e+04 6.66458333e+01 2.90000000e+01 9.00000000e+00 9.80000000e+01 2.00000000e+00
 3.45070000e+04 6.66466667e+01 2.90000000e+01 2.00000000e+00 9.01000000e+02 1.00000000e+00
 3.45070000e+04 6.66700000e+01 2.90000000e+01 8.00000000e+00 9.80000000e+01 2.00000000e+00
 3.45070000e+04 6.67425000e+01 2.90000000e+01 1.32000000e+02 9.01000000e+02 1.00000000e+00
 3.45080000e+04 6.74333333e+01 4.10000000e+01 3.00000000e+00 9.10000000e+01 2.00000000e+00
 3.45080000e+04 6.74720833e+01 4.10000000e+01 9.00000000e+00 9.80000000e+01 2.00000000e+00
 3.45080000e+04 6.75408333e+01 4.10000000e+01 1.20000000e+01 9.80000000e+01 2.00000000e+00
 3.45080000e+04 6.75491667e+01 4.10000000e+01 3.00000000e+00 9.01000000e+02 1.00000000e+00
 3.45080000e+04 6.75512500e+01 4.10000000e+01 3.00000000e+00 9.80000000e+01 2.00000000e+00
 3.45080000e+04 6.75987500e+01 4.10000000e+01 3.00000000e+00 9.40000000e+01 1.00000000e+00
 3.45080000e+04 6.76075000e+01 4.10000000e+01 1.20000000e+01 9.60000000e+01 2.00000000e+00
 3.45080000e+04 6.76175000e+01 4.10000000e+01 2.00000000e+00 9.01000000e+02 1.00000000e+00
 3.45080000e+04 6.76250000e+01 4.10000000e+01 1.20000000e+01 9.80000000e+01 2.00000000e+00
 3.45080000e+04 6.76320833e+01 4.10000000e+01 9.00000000e+00 9.70000000e+01 2.00000000e+00
 3.45080000e+04 6.76658333e+01 4.10000000e+01 1.20000000e+01 9.70000000e+01 2.00000000e+00
 3.45080000e+04 6.76666667e+01 4.10000000e+01 9.00000000e+00 9.01000000e+02 1.00000000e+00
 3.45080000e+04 6.76966667e+01 4.10000000e+01 3.00000000e+00 9.01000000e+02 1.00000000e+00
 3.45080000e+04 6.77520833e+01 4.10000000e+01 1.20000000e+01 9.80000000e+01 2.00000000e+00
 3.45080000e+04 6.77812500e+01 4.10000000e+01 1.32000000e+02 9.01000000e+02 1.00000000e+00
 3.45080000e+04 6.78520833e+01 4.10000000e+01 2.00000000e+00 9.50000000e+01 1.00000000e+00
 3.45090000e+04 6.83979167e+01 4.90000000e+01 3.00000000e+00 9.50000000e+01 1.00000000e+00
 3.45090000e+04 6.84154167e+01 4.90000000e+01 1.20000000e+01 9.80000000e+01 2.00000000e+00
 3.45090000e+04 6.84270833e+01 4.90000000e+01 9.00000000e+00 9.40000000e+01 2.00000000e+00
 3.45090000e+04 6.85054167e+01 4.90000000e+01 2.00000000e+00 9.50000000e+01 1.00000000e+00
 3.45090000e+04 6.85395833e+01 4.90000000e+01 2.00000000e+00 9.50000000e+01 1.00000000e+00
 3.45090000e+04 6.85408333e+01 4.90000000e+01 2.00000000e+00 9.50000000e+01 1.00000000e+00
 3.45090000e+04 6.85675000e+01 4.90000000e+01 2.00000000e+00 9.10000000e+01 1.00000000e+00
 3.45090000e+04 6.85854167e+01 4.90000000e+01 3.00000000e+00 9.40000000e+01 1.00000000e+00
 3.45090000e+04 6.85925000e+01 4.90000000e+01 3.00000000e+00 9.01000000e+02 1.00000000e+00
 3.45090000e+04 6.86033333e+01 4.90000000e+01 2.00000000e+00 9.10000000e+01 2.00000000e+00
 3.45090000e+04 6.86258333e+01 4.90000000e+01 1.32000000e+02 9.01000000e+02 1.00000000e+00
 3.45090000e+04 6.86320833e+01 4.90000000e+01 8.00000000e+00 9.80000000e+01 2.00000000e+00
 3.45090000e+04 6.86416667e+01 4.90000000e+01 3.00000000e+00 9.50000000e+01 1.00000000e+00
 3.45090000e+04 6.86729167e+01 4.90000000e+01 1.20000000e+01 9.01000000e+02 1.00000000e+00
 3.45090000e+04 6.87279167e+01 4.90000000e+01 9.00000000e+00 9.60000000e+01 2.00000000e+00
 3.45090000e+04 6.87291667e+01 4.90000000e+01 2.00000000e+00 9.70000000e+01 2.00000000e+00
 3.45090000e+04 6.87395833e+01 4.90000000e+01 9.00000000e+00 9.01000000e+02 1.00000000e+00
 3.45090000e+04 6.87395833e+01 4.90000000e+01 1.32000000e+02 9.60000000e+01 2.00000000e+00
 3.45090000e+04 6.87437500e+01 4.90000000e+01 2.00000000e+00 9.10000000e+01 2.00000000e+00
 3.45090000e+04 6.87466667e+01 4.90000000e+01 9.00000000e+00 9.01000000e+02 1.00000000e+00
 3.45090000e+04 6.87737500e+01 4.90000000e+01 3.00000000e+00 2.17000000e+02 2.00000000e+00
 3.45090000e+04 6.88291667e+01 4.90000000e+01 2.00000000e+00 9.01000000e+02 1.00000000e+00
 3.45090000e+04 6.88325000e+01 4.90000000e+01 2.00000000e+00 9.01000000e+02 1.00000000e+00
 3.45100000e+04 6.94904167e+01 7.30000000e+01 2.00000000e+00 9.01000000e+02 1.00000000e+00
 3.45100000e+04 6.95070833e+01 7.30000000e+01 2.00000000e+00 9.01000000e+02 1.00000000e+00
 3.45100000e+04 6.95216667e+01 7.30000000e+01 2.00000000e+00 9.01000000e+02 1.00000000e+00
 3.45100000e+04 6.95491667e+01 7.30000000e+01 3.00000000e+00 9.01000000e+02 1.00000000e+00
 3.45100000e+04 6.95550000e+01 7.30000000e+01 2.00000000e+00 9.50000000e+01 1.00000000e+00
 3.45100000e+04 6.95720833e+01 7.30000000e+01 3.00000000e+00 9.40000000e+01 1.00000000e+00
 3.45100000e+04 6.95966667e+01 7.30000000e+01 1.32000000e+02 9.01000000e+02 1.00000000e+00
 3.45100000e+04 6.95966667e+01 7.30000000e+01 9.00000000e+00 9.01000000e+02 1.00000000e+00
 3.45100000e+04 6.96062500e+01 7.30000000e+01 3.00000000e+00 9.01000000e+02 1.00000000e+00
 3.45100000e+04 6.96075000e+01 7.30000000e+01 3.00000000e+00 9.01000000e+02 1.00000000e+00
 3.45100000e+04 6.96216667e+01 7.30000000e+01 3.00000000e+00 9.50000000e+01 1.00000000e+00
 3.45100000e+04 6.96387500e+01 7.30000000e+01 9.00000000e+00 9.01000000e+02 1.00000000e+00
 3.45100000e+04 6.96450000e+01 7.30000000e+01 2.00000000e+00 9.50000000e+01 1.00000000e+00
 3.45100000e+04 6.96450000e+01 7.30000000e+01 2.00000000e+00 9.50000000e+01 1.00000000e+00
 3.45100000e+04 6.96562500e+01 7.30000000e+01 3.00000000e+00 9.01000000e+02 1.00000000e+00
 3.45100000e+04 6.96562500e+01 7.30000000e+01 3.00000000e+00 9.01000000e+02 1.00000000e+00
 3.45100000e+04 6.96741667e+01 7.30000000e+01 3.00000000e+00 9.40000000e+01 1.00000000e+00
 3.45100000e+04 6.96783333e+01 7.30000000e+01 1.31000000e+02 9.40000000e+01 1.00000000e+00
 3.45100000e+04 6.96800000e+01 7.30000000e+01 1.20000000e+01 9.80000000e+01 2.00000000e+00
 3.45100000e+04 6.96804167e+01 7.30000000e+01 9.00000000e+00 9.40000000e+01 2.00000000e+00
 3.45100000e+04 6.96841667e+01 7.30000000e+01 1.20000000e+01 9.30000000e+01 2.00000000e+00
 3.45100000e+04 6.96966667e+01 7.30000000e+01 2.00000000e+00 9.01000000e+02 1.00000000e+00
 3.45100000e+04 6.97070833e+01 7.30000000e+01 1.32000000e+02 9.01000000e+02 1.00000000e+00
 3.45100000e+04 6.97095833e+01 7.30000000e+01 8.00000000e+00 9.01000000e+02 1.00000000e+00
 3.45100000e+04 6.97187500e+01 7.30000000e+01 2.00000000e+00 9.01000000e+02 1.00000000e+00
 3.45100000e+04 6.97187500e+01 7.30000000e+01 2.00000000e+00 9.40000000e+01 2.00000000e+00
 3.45100000e+04 6.97425000e+01 7.30000000e+01 2.00000000e+00 9.01000000e+02 1.00000000e+00
 3.45100000e+04 6.97666667e+01 7.30000000e+01 2.00000000e+00 9.40000000e+01 1.00000000e+00
 3.45100000e+04 6.97666667e+01 7.30000000e+01 3.00000000e+00 9.01000000e+02 1.00000000e+00
 3.45100000e+04 6.97679167e+01 7.30000000e+01 9.00000000e+00 9.01000000e+02 1.00000000e+00
 3.45100000e+04 6.97950000e+01 7.30000000e+01 3.00000000e+00 9.01000000e+02 1.00000000e+00
 3.45100000e+04 6.98470833e+01 7.30000000e+01 2.00000000e+00 9.01000000e+02 1.00000000e+00
 3.45100000e+04 6.98845833e+01 7.30000000e+01 3.00000000e+00 9.01000000e+02 1.00000000e+00
 3.45100000e+04 6.98958333e+01 7.30000000e+01 3.00000000e+00 9.01000000e+02 1.00000000e+00
 3.45110000e+04 7.03333333e+01 8.90000000e+01 2.00000000e+00 9.50000000e+01 1.00000000e+00
 3.45110000e+04 7.03437500e+01 8.90000000e+01 2.00000000e+00 9.50000000e+01 1.00000000e+00
 3.45110000e+04 7.03958333e+01 8.90000000e+01 3.00000000e+00 2.17000000e+02 1.00000000e+00
 3.45110000e+04 7.04375000e+01 8.90000000e+01 2.00000000e+00 9.01000000e+02 1.00000000e+00
 3.45110000e+04 7.04512500e+01 8.90000000e+01 2.00000000e+00 9.01000000e+02 1.00000000e+00
 3.45110000e+04 7.04612500e+01 8.90000000e+01 1.20000000e+01 9.10000000e+01 2.00000000e+00
 3.45110000e+04 7.05166667e+01 8.90000000e+01 2.00000000e+00 9.50000000e+01 1.00000000e+00
 3.45110000e+04 7.05270833e+01 8.90000000e+01 9.00000000e+00 9.01000000e+02 1.00000000e+00
 3.45110000e+04 7.05312500e+01 8.90000000e+01 3.00000000e+00 9.01000000e+02 1.00000000e+00
 3.45110000e+04 7.05716667e+01 8.90000000e+01 8.00000000e+00 9.01000000e+02 1.00000000e+00
 3.45110000e+04 7.05875000e+01 8.90000000e+01 3.00000000e+00 9.01000000e+02 1.00000000e+00
 3.45110000e+04 7.06041667e+01 8.90000000e+01 2.00000000e+00 9.50000000e+01 1.00000000e+00
 3.45110000e+04 7.06104167e+01 8.90000000e+01 2.00000000e+00 9.50000000e+01 1.00000000e+00
 3.45110000e+04 7.06300000e+01 8.90000000e+01 2.00000000e+00 9.01000000e+02 1.00000000e+00
 3.45110000e+04 7.06387500e+01 8.90000000e+01 9.00000000e+00 9.50000000e+01 1.00000000e+00
 3.45110000e+04 7.06500000e+01 8.90000000e+01 2.00000000e+00 9.02000000e+02 1.00000000e+00
 3.45110000e+04 7.06700000e+01 8.90000000e+01 9.00000000e+00 9.01000000e+02 1.00000000e+00
 3.45110000e+04 7.06741667e+01 8.90000000e+01 9.00000000e+00 9.01000000e+02 1.00000000e+00
 3.45110000e+04 7.06762500e+01 8.90000000e+01 9.00000000e+00 9.01000000e+02 1.00000000e+00
 3.45110000e+04 7.06762500e+01 8.90000000e+01 3.00000000e+00 9.01000000e+02 1.00000000e+00
 3.45110000e+04 7.06875000e+01 8.90000000e+01 2.00000000e+00 9.50000000e+01 1.00000000e+00
 3.45110000e+04 7.06904167e+01 8.90000000e+01 3.00000000e+00 9.50000000e+01 1.00000000e+00
 3.45110000e+04 7.07041667e+01 8.90000000e+01 2.00000000e+00 9.01000000e+02 1.00000000e+00
 3.45110000e+04 7.07216667e+01 8.90000000e+01 3.00000000e+00 9.01000000e+02 1.00000000e+00
 3.45110000e+04 7.07258333e+01 8.90000000e+01 9.00000000e+00 9.60000000e+01 2.00000000e+00
 3.45110000e+04 7.07437500e+01 8.90000000e+01 1.20000000e+01 9.60000000e+01 2.00000000e+00
 3.45110000e+04 7.07708333e+01 8.90000000e+01 2.00000000e+00 9.01000000e+02 1.00000000e+00
 3.45110000e+04 7.07904167e+01 8.90000000e+01 3.00000000e+00 9.01000000e+02 1.00000000e+00
 3.45110000e+04 7.07979167e+01 8.90000000e+01 1.20000000e+01 9.60000000e+01 2.00000000e+00
 3.45110000e+04 7.08070833e+01 8.90000000e+01 1.20000000e+01 9.60000000e+01 2.00000000e+00
 3.45110000e+04 7.08387500e+01 8.90000000e+01 3.00000000e+00 9.50000000e+01 1.00000000e+00
 3.45110000e+04 7.08512500e+01 8.90000000e+01 1.32000000e+02 9.60000000e+01 1.00000000e+00
 3.45120000e+04 7.13341667e+01 8.40000000e+01 3.00000000e+00 9.01000000e+02 1.00000000e+00
 3.45120000e+04 7.13904167e+01 8.40000000e+01 1.32000000e+02 9.80000000e+01 1.00000000e+00
 3.45120000e+04 7.14445833e+01 8.40000000e+01 9.00000000e+00 9.80000000e+01 2.00000000e+00
 3.45120000e+04 7.14616667e+01 8.40000000e+01 2.00000000e+00 9.40000000e+01 1.00000000e+00
 3.45120000e+04 7.15312500e+01 8.40000000e+01 2.00000000e+00 9.50000000e+01 1.00000000e+00
 3.45120000e+04 7.15633333e+01 8.40000000e+01 2.00000000e+00 9.50000000e+01 1.00000000e+00
 3.45120000e+04 7.15762500e+01 8.40000000e+01 8.00000000e+00 9.50000000e+01 1.00000000e+00
 3.45120000e+04 7.15825000e+01 8.40000000e+01 3.00000000e+00 9.50000000e+01 2.00000000e+00
 3.45120000e+04 7.16083333e+01 8.40000000e+01 2.00000000e+00 9.01000000e+02 1.00000000e+00
 3.45120000e+04 7.16279167e+01 8.40000000e+01 1.32000000e+02 9.40000000e+01 1.00000000e+00
 3.45120000e+04 7.16458333e+01 8.40000000e+01 3.00000000e+00 9.50000000e+01 1.00000000e+00
 3.45120000e+04 7.16500000e+01 8.40000000e+01 3.00000000e+00 9.40000000e+01 1.00000000e+00
 3.45120000e+04 7.16666667e+01 8.40000000e+01 8.00000000e+00 9.80000000e+01 1.00000000e+00
 3.45120000e+04 7.16862500e+01 8.40000000e+01 1.20000000e+01 9.80000000e+01 2.00000000e+00
 3.45120000e+04 7.17012500e+01 8.40000000e+01 3.00000000e+00 9.50000000e+01 1.00000000e+00
 3.45120000e+04 7.17075000e+01 8.40000000e+01 3.00000000e+00 9.01000000e+02 1.00000000e+00
 3.45120000e+04 7.17083333e+01 8.40000000e+01 3.00000000e+00 9.01000000e+02 2.00000000e+00
 3.45120000e+04 7.17333333e+01 8.40000000e+01 3.00000000e+00 9.40000000e+01 1.00000000e+00
 3.45130000e+04 7.20104167e+01 7.10000000e+01 1.20000000e+01 9.80000000e+01 2.00000000e+00
 3.45130000e+04 7.23395833e+01 7.10000000e+01 3.00000000e+00 9.01000000e+02 1.00000000e+00
 3.45130000e+04 7.23783333e+01 7.10000000e+01 8.00000000e+00 9.70000000e+01 2.00000000e+00
 3.45130000e+04 7.24445833e+01 7.10000000e+01 1.32000000e+02 9.01000000e+02 1.00000000e+00
 3.45130000e+04 7.24687500e+01 7.10000000e+01 2.00000000e+00 9.50000000e+01 1.00000000e+00
 3.45130000e+04 7.25000000e+01 7.10000000e+01 2.00000000e+00 9.01000000e+02 1.00000000e+00
 3.45130000e+04 7.25366667e+01 7.10000000e+01 2.00000000e+00 9.50000000e+01 1.00000000e+00
 3.45130000e+04 7.25904167e+01 7.10000000e+01 9.00000000e+00 9.50000000e+01 1.00000000e+00
 3.45130000e+04 7.25937500e+01 7.10000000e+01 1.20000000e+01 9.60000000e+01 2.00000000e+00
 3.45130000e+04 7.25966667e+01 7.10000000e+01 2.00000000e+00 9.01000000e+02 1.00000000e+00
 3.45130000e+04 7.26050000e+01 7.10000000e+01 2.00000000e+00 9.01000000e+02 1.00000000e+00
 3.45130000e+04 7.26783333e+01 7.10000000e+01 9.00000000e+00 9.40000000e+01 1.00000000e+00
 3.45130000e+04 7.26800000e+01 7.10000000e+01 9.00000000e+00 9.01000000e+02 1.00000000e+00
 3.45130000e+04 7.26966667e+01 7.10000000e+01 8.00000000e+00 9.60000000e+01 1.00000000e+00
 3.45130000e+04 7.27012500e+01 7.10000000e+01 2.00000000e+00 2.17000000e+02 2.00000000e+00
 3.45130000e+04 7.27112500e+01 7.10000000e+01 1.32000000e+02 9.40000000e+01 1.00000000e+00
 3.45130000e+04 7.27187500e+01 7.10000000e+01 1.32000000e+02 9.60000000e+01 1.00000000e+00
 3.45130000e+04 7.27279167e+01 7.10000000e+01 2.00000000e+00 9.50000000e+01 1.00000000e+00
 3.45130000e+04 7.27466667e+01 7.10000000e+01 2.00000000e+00 9.50000000e+01 1.00000000e+00
 3.45130000e+04 7.27741667e+01 7.10000000e+01 9.00000000e+00 9.60000000e+01 2.00000000e+00
 3.45130000e+04 7.27791667e+01 7.10000000e+01 1.32000000e+02 9.50000000e+01 1.00000000e+00
 3.45140000e+04 7.36362500e+01 4.20000000e+01 9.00000000e+00 9.02000000e+02 1.00000000e+00
 3.45140000e+04 7.36570833e+01 4.20000000e+01 1.32000000e+02 9.60000000e+01 2.00000000e+00
 3.45140000e+04 7.37708333e+01 4.20000000e+01 3.00000000e+00 9.50000000e+01 1.00000000e+00
 3.45150000e+04 7.44362500e+01 3.20000000e+01 3.00000000e+00 9.01000000e+02 1.00000000e+00
 3.45150000e+04 7.45237500e+01 3.20000000e+01 3.00000000e+00 9.02000000e+02 1.00000000e+00
 3.45150000e+04 7.46104167e+01 3.20000000e+01 8.00000000e+00 9.70000000e+01 1.00000000e+00
 3.45150000e+04 7.46104167e+01 3.20000000e+01 2.00000000e+00 9.60000000e+01 2.00000000e+00
 3.45150000e+04 7.46616667e+01 3.20000000e+01 2.00000000e+00 2.17000000e+02 1.00000000e+00
 3.45150000e+04 7.47116667e+01 3.20000000e+01 1.32000000e+02 9.40000000e+01 1.00000000e+00
 3.45150000e+04 7.48195833e+01 3.20000000e+01 3.00000000e+00 9.10000000e+01 1.00000000e+00
 3.45150000e+04 7.48666667e+01 3.20000000e+01 9.00000000e+00 9.60000000e+01 2.00000000e+00
 3.45160000e+04 7.54229167e+01 1.30000000e+01 1.20000000e+01 9.10000000e+01 2.00000000e+00
 3.45160000e+04 7.55416667e+01 1.30000000e+01 1.32000000e+02 9.80000000e+01 1.00000000e+00
 3.45170000e+04 7.64812500e+01 1.50000000e+01 1.32000000e+02 9.80000000e+01 2.00000000e+00
 3.45170000e+04 7.66591667e+01 1.50000000e+01 9.00000000e+00 9.01000000e+02 1.00000000e+00
 3.45170000e+04 7.66666667e+01 1.50000000e+01 1.20000000e+01 9.80000000e+01 2.00000000e+00
 3.45170000e+04 7.67075000e+01 1.50000000e+01 2.00000000e+00 9.50000000e+01 1.00000000e+00
 3.45170000e+04 7.67333333e+01 1.50000000e+01 2.00000000e+00 9.40000000e+01 1.00000000e+00
 3.45180000e+04 7.74020833e+01 1.90000000e+01 2.00000000e+00 9.01000000e+02 1.00000000e+00
 3.45180000e+04 7.74200000e+01 1.90000000e+01 3.00000000e+00 9.50000000e+01 1.00000000e+00
 3.45180000e+04 7.75425000e+01 1.90000000e+01 9.00000000e+00 9.80000000e+01 1.00000000e+00
 3.45180000e+04 7.75625000e+01 1.90000000e+01 8.00000000e+00 9.30000000e+01 2.00000000e+00
 3.45180000e+04 7.76012500e+01 1.90000000e+01 3.00000000e+00 9.01000000e+02 1.00000000e+00
 3.45180000e+04 7.76041667e+01 1.90000000e+01 1.20000000e+01 9.70000000e+01 2.00000000e+00
 3.45180000e+04 7.76187500e+01 1.90000000e+01 1.20000000e+01 9.10000000e+01 2.00000000e+00
 3.45180000e+04 7.76279167e+01 1.90000000e+01 3.00000000e+00 9.70000000e+01 2.00000000e+00
 3.45180000e+04 7.76320833e+01 1.90000000e+01 1.32000000e+02 9.70000000e+01 2.00000000e+00
 3.45180000e+04 7.76987500e+01 1.90000000e+01 8.00000000e+00 9.80000000e+01 1.00000000e+00
 3.45180000e+04 7.77908333e+01 1.90000000e+01 3.00000000e+00 8.90000000e+01 1.00000000e+00
 3.45180000e+04 7.78012500e+01 1.90000000e+01 1.20000000e+01 9.70000000e+01 2.00000000e+00
 3.45190000e+04 7.85987500e+01 2.00000000e+01 3.00000000e+00 9.60000000e+01 2.00000000e+00
 3.45190000e+04 7.87112500e+01 2.00000000e+01 1.31000000e+02 9.80000000e+01 1.00000000e+00
 3.45190000e+04 7.87950000e+01 2.00000000e+01 1.20000000e+01 9.80000000e+01 2.00000000e+00
 3.45200000e+04 7.93820833e+01 2.50000000e+01 3.00000000e+00 9.80000000e+01 1.00000000e+00
 3.45200000e+04 7.94654167e+01 2.50000000e+01 3.00000000e+00 9.01000000e+02 1.00000000e+00
 3.45200000e+04 7.94945833e+01 2.50000000e+01 9.00000000e+00 9.80000000e+01 2.00000000e+00
 3.45200000e+04 7.95550000e+01 2.50000000e+01 3.00000000e+00 9.01000000e+02 1.00000000e+00
 3.45200000e+04 7.95970833e+01 2.50000000e+01 3.00000000e+00 9.10000000e+01 1.00000000e+00
 3.45200000e+04 7.96487500e+01 2.50000000e+01 8.00000000e+00 9.40000000e+01 1.00000000e+00
 3.45200000e+04 7.97575000e+01 2.50000000e+01 8.00000000e+00 9.40000000e+01 1.00000000e+00
 3.45200000e+04 7.97845833e+01 2.50000000e+01 8.00000000e+00 9.30000000e+01 1.00000000e+00
 3.45200000e+04 7.98229167e+01 2.50000000e+01 9.00000000e+00 9.70000000e+01 2.00000000e+00
 3.45200000e+04 7.98541667e+01 2.50000000e+01 3.00000000e+00 9.01000000e+02 1.00000000e+00
 3.45210000e+04 8.06041667e+01 1.60000000e+01 2.00000000e+00 9.10000000e+01 1.00000000e+00
 3.45210000e+04 8.06770833e+01 1.60000000e+01 9.00000000e+00 9.40000000e+01 1.00000000e+00
 3.45210000e+04 8.09375000e+01 1.60000000e+01 3.00000000e+00 9.40000000e+01 1.00000000e+00
 3.45220000e+04 8.15762500e+01 1.80000000e+01 1.31000000e+02 9.80000000e+01 2.00000000e+00
 3.45220000e+04 8.16145833e+01 1.80000000e+01 8.00000000e+00 9.70000000e+01 2.00000000e+00
 3.45220000e+04 8.16979167e+01 1.80000000e+01 9.00000000e+00 9.40000000e+01 1.00000000e+00
 3.45220000e+04 8.17929167e+01 1.80000000e+01 8.00000000e+00 9.70000000e+01 2.00000000e+00
 3.45220000e+04 8.18250000e+01 1.80000000e+01 8.00000000e+00 9.30000000e+01 1.00000000e+00
 3.45230000e+04 8.26445833e+01 1.30000000e+01 8.00000000e+00 9.30000000e+01 1.00000000e+00
 3.45230000e+04 8.26541667e+01 1.30000000e+01 9.00000000e+00 9.80000000e+01 1.00000000e+00
 3.45230000e+04 8.26800000e+01 1.30000000e+01 1.20000000e+01 9.80000000e+01 2.00000000e+00
 3.45230000e+04 8.27612500e+01 1.30000000e+01 1.32000000e+02 9.40000000e+01 1.00000000e+00
 3.45230000e+04 8.27679167e+01 1.30000000e+01 3.00000000e+00 9.80000000e+01 1.00000000e+00
 3.45240000e+04 8.34570833e+01 1.20000000e+01 1.20000000e+01 9.80000000e+01 2.00000000e+00
 3.45240000e+04 8.36500000e+01 1.20000000e+01 3.00000000e+00 9.01000000e+02 1.00000000e+00
 3.45260000e+04 8.54533333e+01 5.00000000e+00 2.00000000e+00 9.80000000e+01 1.00000000e+00
 3.45260000e+04 8.56033333e+01 5.00000000e+00 1.20000000e+01 9.80000000e+01 2.00000000e+00
 3.45260000e+04 8.56304167e+01 5.00000000e+00 1.20000000e+01 9.80000000e+01 2.00000000e+00
 3.45270000e+04 8.63375000e+01 8.00000000e+00 2.00000000e+00 2.17000000e+02 1.00000000e+00
 3.45270000e+04 8.65491667e+01 8.00000000e+00 9.00000000e+00 9.30000000e+01 2.00000000e+00
 3.45270000e+04 8.66258333e+01 8.00000000e+00 3.00000000e+00 9.80000000e+01 2.00000000e+00
 3.45270000e+04 8.67041667e+01 8.00000000e+00 9.00000000e+00 9.70000000e+01 1.00000000e+00
 3.45270000e+04 8.67570833e+01 8.00000000e+00 2.00000000e+00 9.70000000e+01 1.00000000e+00
 3.45280000e+04 8.73291667e+01 1.30000000e+01 3.00000000e+00 9.01000000e+02 1.00000000e+00
 3.45280000e+04 8.76012500e+01 1.30000000e+01 2.00000000e+00 2.17000000e+02 1.00000000e+00
 3.45280000e+04 8.76283333e+01 1.30000000e+01 3.00000000e+00 9.01000000e+02 1.00000000e+00
 3.45280000e+04 8.76458333e+01 1.30000000e+01 2.00000000e+00 9.30000000e+01 2.00000000e+00
 3.45280000e+04 8.76658333e+01 1.30000000e+01 2.00000000e+00 9.01000000e+02 1.00000000e+00
 3.45290000e+04 8.83750000e+01 1.50000000e+01 9.00000000e+00 9.70000000e+01 2.00000000e+00
 3.45290000e+04 8.84654167e+01 1.50000000e+01 1.32000000e+02 9.60000000e+01 2.00000000e+00
 3.45290000e+04 8.87575000e+01 1.50000000e+01 1.32000000e+02 9.40000000e+01 1.00000000e+00
 3.45290000e+04 8.88220833e+01 1.50000000e+01 3.00000000e+00 9.70000000e+01 1.00000000e+00
 3.45290000e+04 8.88783333e+01 1.50000000e+01 2.00000000e+00 9.80000000e+01 2.00000000e+00
 3.45300000e+04 8.95741667e+01 1.60000000e+01 8.00000000e+00 9.80000000e+01 2.00000000e+00
 3.45300000e+04 8.95937500e+01 1.60000000e+01 1.20000000e+01 9.80000000e+01 2.00000000e+00
 3.45300000e+04 8.96175000e+01 1.60000000e+01 9.00000000e+00 9.01000000e+02 2.00000000e+00
 3.45300000e+04 8.97387500e+01 1.60000000e+01 1.31000000e+02 9.01000000e+02 1.00000000e+00
 3.45300000e+04 8.97645833e+01 1.60000000e+01 2.00000000e+00 9.01000000e+02 1.00000000e+00
 3.45300000e+04 8.97887500e+01 1.60000000e+01 3.00000000e+00 9.40000000e+01 1.00000000e+00
 3.45310000e+04 9.05512500e+01 1.80000000e+01 1.20000000e+01 9.80000000e+01 2.00000000e+00
 3.45310000e+04 9.06137500e+01 1.80000000e+01 8.00000000e+00 9.80000000e+01 2.00000000e+00
 3.45310000e+04 9.06320833e+01 1.80000000e+01 2.00000000e+00 9.70000000e+01 1.00000000e+00
 3.45310000e+04 9.06595833e+01 1.80000000e+01 3.00000000e+00 9.80000000e+01 2.00000000e+00
 3.45310000e+04 9.06762500e+01 1.80000000e+01 1.20000000e+01 9.80000000e+01 2.00000000e+00
 3.45310000e+04 9.06979167e+01 1.80000000e+01 2.00000000e+00 9.01000000e+02 1.00000000e+00
 3.45310000e+04 9.08325000e+01 1.80000000e+01 9.00000000e+00 9.40000000e+01 2.00000000e+00
 3.45320000e+04 9.13362500e+01 1.90000000e+01 8.00000000e+00 9.60000000e+01 2.00000000e+00
 3.45320000e+04 9.14575000e+01 1.90000000e+01 8.00000000e+00 9.80000000e+01 2.00000000e+00
 3.45320000e+04 9.14616667e+01 1.90000000e+01 8.00000000e+00 9.80000000e+01 2.00000000e+00
 3.45320000e+04 9.15675000e+01 1.90000000e+01 1.20000000e+01 9.70000000e+01 2.00000000e+00
 3.45320000e+04 9.16487500e+01 1.90000000e+01 9.00000000e+00 9.70000000e+01 1.00000000e+00
 3.45320000e+04 9.16762500e+01 1.90000000e+01 1.32000000e+02 9.40000000e+01 2.00000000e+00
 3.45330000e+04 9.24137500e+01 1.90000000e+01 1.20000000e+01 2.17000000e+02 1.00000000e+00
 3.45330000e+04 9.24270833e+01 1.90000000e+01 1.32000000e+02 9.80000000e+01 2.00000000e+00
 3.45330000e+04 9.25366667e+01 1.90000000e+01 3.00000000e+00 9.01000000e+02 1.00000000e+00
 3.45330000e+04 9.26250000e+01 1.90000000e+01 1.32000000e+02 9.80000000e+01 2.00000000e+00
 3.45330000e+04 9.27666667e+01 1.90000000e+01 2.00000000e+00 9.70000000e+01 1.00000000e+00
 3.45330000e+04 9.28541667e+01 1.90000000e+01 3.00000000e+00 9.80000000e+01 2.00000000e+00
 3.45340000e+04 9.34716667e+01 1.70000000e+01 1.31000000e+02 9.70000000e+01 1.00000000e+00
 3.45340000e+04 9.35550000e+01 1.70000000e+01 9.00000000e+00 9.40000000e+01 2.00000000e+00
 3.45340000e+04 9.37258333e+01 1.70000000e+01 2.00000000e+00 9.40000000e+01 1.00000000e+00
 3.45340000e+04 9.37283333e+01 1.70000000e+01 3.00000000e+00 9.40000000e+01 1.00000000e+00
 3.45340000e+04 9.37512500e+01 1.70000000e+01 8.00000000e+00 9.80000000e+01 2.00000000e+00
 3.45350000e+04 9.44270833e+01 1.50000000e+01 3.00000000e+00 9.40000000e+01 1.00000000e+00
 3.45350000e+04 9.46083333e+01 1.50000000e+01 3.00000000e+00 9.80000000e+01 2.00000000e+00
 3.45350000e+04 9.46987500e+01 1.50000000e+01 3.00000000e+00 9.10000000e+01 1.00000000e+00
 3.45350000e+04 9.49445833e+01 1.50000000e+01 1.20000000e+01 9.80000000e+01 2.00000000e+00
 3.45360000e+04 9.55937500e+01 1.80000000e+01 2.00000000e+00 9.70000000e+01 1.00000000e+00
 3.45360000e+04 9.55966667e+01 1.80000000e+01 1.20000000e+01 9.80000000e+01 2.00000000e+00
 3.45360000e+04 9.56166667e+01 1.80000000e+01 8.00000000e+00 9.70000000e+01 2.00000000e+00
 3.45360000e+04 9.56175000e+01 1.80000000e+01 1.31000000e+02 9.40000000e+01 1.00000000e+00
 3.45360000e+04 9.56341667e+01 1.80000000e+01 1.32000000e+02 9.40000000e+01 1.00000000e+00
 3.45360000e+04 9.56645833e+01 1.80000000e+01 1.20000000e+01 9.80000000e+01 1.00000000e+00
 3.45360000e+04 9.56729167e+01 1.80000000e+01 8.00000000e+00 9.10000000e+01 1.00000000e+00
 3.45360000e+04 9.57345833e+01 1.80000000e+01 1.32000000e+02 9.40000000e+01 1.00000000e+00
 3.45360000e+04 9.57458333e+01 1.80000000e+01 8.00000000e+00 9.80000000e+01 1.00000000e+00
 3.45370000e+04 9.64166667e+01 2.00000000e+01 2.00000000e+00 9.01000000e+02 2.00000000e+00
 3.45370000e+04 9.64966667e+01 2.00000000e+01 3.00000000e+00 9.80000000e+01 1.00000000e+00
 3.45370000e+04 9.65416667e+01 2.00000000e+01 1.20000000e+01 9.70000000e+01 2.00000000e+00
 3.45370000e+04 9.66279167e+01 2.00000000e+01 3.00000000e+00 9.01000000e+02 1.00000000e+00
 3.45370000e+04 9.66487500e+01 2.00000000e+01 2.00000000e+00 9.50000000e+01 1.00000000e+00
 3.45370000e+04 9.67666667e+01 2.00000000e+01 2.00000000e+00 9.01000000e+02 1.00000000e+00
 3.45370000e+04 9.68820833e+01 2.00000000e+01 3.00000000e+00 9.40000000e+01 1.00000000e+00
 3.45380000e+04 9.73958333e+01 1.90000000e+01 3.00000000e+00 2.17000000e+02 1.00000000e+00
 3.45380000e+04 9.75479167e+01 1.90000000e+01 3.00000000e+00 9.80000000e+01 1.00000000e+00
 3.45380000e+04 9.77300000e+01 1.90000000e+01 1.32000000e+02 9.70000000e+01 2.00000000e+00
 3.45390000e+04 9.84958333e+01 1.80000000e+01 1.32000000e+02 9.40000000e+01 1.00000000e+00
 3.45390000e+04 9.85387500e+01 1.80000000e+01 1.32000000e+02 9.80000000e+01 1.00000000e+00
 3.45390000e+04 9.85470833e+01 1.80000000e+01 1.20000000e+01 9.70000000e+01 2.00000000e+00
 3.45390000e+04 9.86700000e+01 1.80000000e+01 1.20000000e+01 9.80000000e+01 2.00000000e+00
 3.45390000e+04 9.86783333e+01 1.80000000e+01 1.32000000e+02 9.30000000e+01 1.00000000e+00
 3.45390000e+04 9.86841667e+01 1.80000000e+01 1.20000000e+01 9.40000000e+01 1.00000000e+00
 3.45390000e+04 9.86945833e+01 1.80000000e+01 3.00000000e+00 9.01000000e+02 1.00000000e+00
 3.45390000e+04 9.87637500e+01 1.80000000e+01 1.20000000e+01 9.10000000e+01 2.00000000e+00
 3.45400000e+04 9.93987500e+01 2.20000000e+01 8.00000000e+00 9.80000000e+01 2.00000000e+00
 3.45400000e+04 9.94720833e+01 2.20000000e+01 8.00000000e+00 9.70000000e+01 1.00000000e+00
 3.45400000e+04 9.95020833e+01 2.20000000e+01 2.00000000e+00 9.60000000e+01 1.00000000e+00
 3.45400000e+04 9.96216667e+01 2.20000000e+01 3.00000000e+00 9.80000000e+01 1.00000000e+00
 3.45400000e+04 9.96320833e+01 2.20000000e+01 2.00000000e+00 9.01000000e+02 1.00000000e+00
 3.45400000e+04 9.96429167e+01 2.20000000e+01 9.00000000e+00 9.01000000e+02 1.00000000e+00
 3.45400000e+04 9.96450000e+01 2.20000000e+01 3.00000000e+00 9.50000000e+01 1.00000000e+00
 3.45400000e+04 9.97258333e+01 2.20000000e+01 9.00000000e+00 9.80000000e+01 2.00000000e+00
 3.45400000e+04 9.97354167e+01 2.20000000e+01 3.00000000e+00 2.17000000e+02 1.00000000e+00
 3.45400000e+04 9.98083333e+01 2.20000000e+01 2.00000000e+00 9.80000000e+01 1.00000000e+00
 3.45400000e+04 9.98362500e+01 2.20000000e+01 1.32000000e+02 9.80000000e+01 1.00000000e+00
 3.45410000e+04 1.00562500e+02 2.30000000e+01 8.00000000e+00 9.70000000e+01 2.00000000e+00
 3.45410000e+04 1.00593750e+02 2.30000000e+01 8.00000000e+00 9.70000000e+01 2.00000000e+00
 3.45410000e+04 1.00690417e+02 2.30000000e+01 2.00000000e+00 9.70000000e+01 1.00000000e+00
 3.45410000e+04 1.00750000e+02 2.30000000e+01 2.00000000e+00 9.80000000e+01 1.00000000e+00
 3.45420000e+04 1.01797917e+02 1.70000000e+01 2.00000000e+00 9.80000000e+01 2.00000000e+00
 3.45420000e+04 1.01895000e+02 1.70000000e+01 3.00000000e+00 9.70000000e+01 2.00000000e+00
 3.45430000e+04 1.02513750e+02 1.00000000e+01 9.00000000e+00 9.01000000e+02 1.00000000e+00
 3.45430000e+04 1.02638333e+02 1.00000000e+01 9.00000000e+00 9.70000000e+01 2.00000000e+00
 3.45430000e+04 1.02645000e+02 1.00000000e+01 1.20000000e+01 9.80000000e+01 2.00000000e+00
 3.45430000e+04 1.02645833e+02 1.00000000e+01 2.00000000e+00 9.70000000e+01 1.00000000e+00
 3.45440000e+04 1.03552917e+02 1.00000000e+01 2.00000000e+00 9.40000000e+01 1.00000000e+00
 3.45440000e+04 1.03607500e+02 1.00000000e+01 8.00000000e+00 9.80000000e+01 2.00000000e+00
 3.45440000e+04 1.03634167e+02 1.00000000e+01 1.32000000e+02 9.70000000e+01 2.00000000e+00
 3.45440000e+04 1.03736667e+02 1.00000000e+01 2.00000000e+00 9.40000000e+01 1.00000000e+00
 3.45450000e+04 1.04312500e+02 1.30000000e+01 1.32000000e+02 9.80000000e+01 2.00000000e+00
 3.45450000e+04 1.04426250e+02 1.30000000e+01 2.00000000e+00 9.40000000e+01 1.00000000e+00
 3.45450000e+04 1.04505000e+02 1.30000000e+01 2.00000000e+00 9.01000000e+02 1.00000000e+00
 3.45450000e+04 1.04564583e+02 1.30000000e+01 3.00000000e+00 9.10000000e+01 1.00000000e+00
 3.45450000e+04 1.04625000e+02 1.30000000e+01 3.00000000e+00 9.70000000e+01 2.00000000e+00
 3.45460000e+04 1.05523750e+02 1.70000000e+01 9.00000000e+00 9.60000000e+01 2.00000000e+00
 3.45460000e+04 1.05575000e+02 1.70000000e+01 3.00000000e+00 9.01000000e+02 1.00000000e+00
 3.45460000e+04 1.05587500e+02 1.70000000e+01 3.00000000e+00 9.80000000e+01 2.00000000e+00
 3.45460000e+04 1.05625000e+02 1.70000000e+01 3.00000000e+00 9.10000000e+01 1.00000000e+00
 3.45460000e+04 1.05648750e+02 1.70000000e+01 8.00000000e+00 9.80000000e+01 2.00000000e+00
 3.45460000e+04 1.05684167e+02 1.70000000e+01 1.20000000e+01 9.80000000e+01 2.00000000e+00
 3.45460000e+04 1.05781250e+02 1.70000000e+01 2.00000000e+00 9.01000000e+02 1.00000000e+00
 3.45460000e+04 1.05809167e+02 1.70000000e+01 3.00000000e+00 9.40000000e+01 1.00000000e+00
 3.45470000e+04 1.06340417e+02 2.10000000e+01 1.32000000e+02 8.90000000e+01 2.00000000e+00
 3.45470000e+04 1.06446667e+02 2.10000000e+01 8.00000000e+00 9.10000000e+01 2.00000000e+00
 3.45470000e+04 1.06533333e+02 2.10000000e+01 1.32000000e+02 9.10000000e+01 1.00000000e+00
 3.45470000e+04 1.06580417e+02 2.10000000e+01 2.00000000e+00 9.30000000e+01 1.00000000e+00
 3.45470000e+04 1.06615417e+02 2.10000000e+01 8.00000000e+00 9.80000000e+01 1.00000000e+00
 3.45470000e+04 1.06682500e+02 2.10000000e+01 1.20000000e+01 9.30000000e+01 2.00000000e+00
 3.45470000e+04 1.06687500e+02 2.10000000e+01 1.20000000e+01 9.30000000e+01 2.00000000e+00
 3.45470000e+04 1.06833333e+02 2.10000000e+01 9.00000000e+00 9.01000000e+02 1.00000000e+00
 3.45480000e+04 1.07370833e+02 2.40000000e+01 1.32000000e+02 9.70000000e+01 1.00000000e+00
 3.45480000e+04 1.07477083e+02 2.40000000e+01 1.20000000e+01 9.60000000e+01 2.00000000e+00
 3.45480000e+04 1.07602917e+02 2.40000000e+01 9.00000000e+00 9.70000000e+01 2.00000000e+00
 3.45480000e+04 1.07607500e+02 2.40000000e+01 2.00000000e+00 9.01000000e+02 1.00000000e+00
 3.45480000e+04 1.07619583e+02 2.40000000e+01 1.32000000e+02 9.30000000e+01 1.00000000e+00
 3.45480000e+04 1.07627917e+02 2.40000000e+01 1.32000000e+02 9.30000000e+01 2.00000000e+00
 3.45480000e+04 1.07668750e+02 2.40000000e+01 2.00000000e+00 9.70000000e+01 1.00000000e+00
 3.45480000e+04 1.07708333e+02 2.40000000e+01 1.20000000e+01 9.60000000e+01 2.00000000e+00
 3.45490000e+04 1.08375000e+02 2.10000000e+01 9.00000000e+00 9.70000000e+01 2.00000000e+00
 3.45490000e+04 1.08420000e+02 2.10000000e+01 2.00000000e+00 9.01000000e+02 1.00000000e+00
 3.45490000e+04 1.08541667e+02 2.10000000e+01 1.32000000e+02 9.30000000e+01 1.00000000e+00
 3.45490000e+04 1.08675833e+02 2.10000000e+01 1.20000000e+01 9.80000000e+01 2.00000000e+00
 3.45490000e+04 1.08738750e+02 2.10000000e+01 1.20000000e+01 9.80000000e+01 2.00000000e+00
 3.45500000e+04 1.09678333e+02 1.60000000e+01 9.00000000e+00 9.01000000e+02 1.00000000e+00
 3.45500000e+04 1.09805417e+02 1.60000000e+01 3.00000000e+00 9.50000000e+01 1.00000000e+00
 3.45500000e+04 1.09809167e+02 1.60000000e+01 9.00000000e+00 9.40000000e+01 1.00000000e+00
 3.45510000e+04 1.10603333e+02 1.30000000e+01 2.00000000e+00 9.02000000e+02 1.00000000e+00
 3.45510000e+04 1.10645000e+02 1.30000000e+01 3.00000000e+00 9.01000000e+02 1.00000000e+00
 3.45510000e+04 1.10711250e+02 1.30000000e+01 2.00000000e+00 9.01000000e+02 1.00000000e+00
 3.45510000e+04 1.10745833e+02 1.30000000e+01 3.00000000e+00 9.70000000e+01 2.00000000e+00
 3.45510000e+04 1.10757083e+02 1.30000000e+01 9.00000000e+00 9.60000000e+01 1.00000000e+00
 3.45520000e+04 1.11402917e+02 1.30000000e+01 8.00000000e+00 9.01000000e+02 2.00000000e+00
 3.45520000e+04 1.11515417e+02 1.30000000e+01 1.20000000e+01 9.60000000e+01 2.00000000e+00
 3.45520000e+04 1.11531250e+02 1.30000000e+01 1.31000000e+02 9.01000000e+02 2.00000000e+00
 3.45520000e+04 1.11590417e+02 1.30000000e+01 2.00000000e+00 9.40000000e+01 1.00000000e+00
 3.45520000e+04 1.11770000e+02 1.30000000e+01 8.00000000e+00 9.70000000e+01 2.00000000e+00
 3.45530000e+04 1.12345833e+02 1.50000000e+01 8.00000000e+00 9.10000000e+01 2.00000000e+00
 3.45530000e+04 1.12532083e+02 1.50000000e+01 2.00000000e+00 9.40000000e+01 1.00000000e+00
 3.45530000e+04 1.12547917e+02 1.50000000e+01 9.00000000e+00 9.70000000e+01 2.00000000e+00
 3.45530000e+04 1.12579167e+02 1.50000000e+01 3.00000000e+00 9.80000000e+01 2.00000000e+00
 3.45530000e+04 1.12724167e+02 1.50000000e+01 1.32000000e+02 9.10000000e+01 1.00000000e+00
 3.45540000e+04 1.13482500e+02 1.60000000e+01 1.20000000e+01 9.80000000e+01 2.00000000e+00
 3.45540000e+04 1.13636250e+02 1.60000000e+01 8.00000000e+00 9.60000000e+01 1.00000000e+00
 3.45540000e+04 1.13686250e+02 1.60000000e+01 1.20000000e+01 9.80000000e+01 2.00000000e+00
 3.45540000e+04 1.13694583e+02 1.60000000e+01 8.00000000e+00 9.80000000e+01 2.00000000e+00
 3.45540000e+04 1.13697917e+02 1.60000000e+01 1.31000000e+02 9.40000000e+01 1.00000000e+00
 3.45540000e+04 1.13715417e+02 1.60000000e+01 9.00000000e+00 9.70000000e+01 2.00000000e+00
 3.45550000e+04 1.14633333e+02 1.20000000e+01 1.32000000e+02 9.30000000e+01 2.00000000e+00
 3.45560000e+04 1.15405417e+02 1.40000000e+01 1.32000000e+02 9.80000000e+01 2.00000000e+00
 3.45560000e+04 1.15500000e+02 1.40000000e+01 1.20000000e+01 9.80000000e+01 2.00000000e+00
 3.45560000e+04 1.15531250e+02 1.40000000e+01 9.00000000e+00 9.01000000e+02 2.00000000e+00
 3.45560000e+04 1.15547917e+02 1.40000000e+01 9.00000000e+00 9.70000000e+01 2.00000000e+00
 3.45560000e+04 1.15550000e+02 1.40000000e+01 1.20000000e+01 9.01000000e+02 2.00000000e+00
 3.45560000e+04 1.15687500e+02 1.40000000e+01 8.00000000e+00 9.70000000e+01 2.00000000e+00
 3.45560000e+04 1.15698750e+02 1.40000000e+01 1.20000000e+01 9.80000000e+01 2.00000000e+00
 3.45570000e+04 1.16472917e+02 1.50000000e+01 1.20000000e+01 9.60000000e+01 2.00000000e+00
 3.45570000e+04 1.16534167e+02 1.50000000e+01 9.00000000e+00 9.01000000e+02 2.00000000e+00
 3.45570000e+04 1.16562500e+02 1.50000000e+01 8.00000000e+00 9.80000000e+01 2.00000000e+00
 3.45570000e+04 1.16570833e+02 1.50000000e+01 8.00000000e+00 9.80000000e+01 2.00000000e+00
 3.45570000e+04 1.16613750e+02 1.50000000e+01 9.00000000e+00 9.70000000e+01 2.00000000e+00
 3.45570000e+04 1.16707500e+02 1.50000000e+01 1.32000000e+02 9.80000000e+01 2.00000000e+00
 3.45570000e+04 1.16730000e+02 1.50000000e+01 8.00000000e+00 9.70000000e+01 2.00000000e+00
 3.45580000e+04 1.17531250e+02 2.00000000e+01 8.00000000e+00 9.80000000e+01 2.00000000e+00
 3.45580000e+04 1.17571667e+02 2.00000000e+01 1.20000000e+01 9.40000000e+01 2.00000000e+00
 3.45580000e+04 1.17638750e+02 2.00000000e+01 1.20000000e+01 9.80000000e+01 2.00000000e+00
 3.45580000e+04 1.17656250e+02 2.00000000e+01 3.00000000e+00 9.80000000e+01 2.00000000e+00
 3.45580000e+04 1.17726250e+02 2.00000000e+01 1.32000000e+02 9.70000000e+01 2.00000000e+00
 3.45580000e+04 1.17843750e+02 2.00000000e+01 1.32000000e+02 9.60000000e+01 2.00000000e+00
 3.45590000e+04 1.18583333e+02 1.50000000e+01 8.00000000e+00 9.80000000e+01 2.00000000e+00
 3.45590000e+04 1.18789583e+02 1.50000000e+01 8.00000000e+00 9.70000000e+01 1.00000000e+00
 3.45600000e+04 1.19569583e+02 9.00000000e+00 3.00000000e+00 9.30000000e+01 2.00000000e+00
 3.45610000e+04 1.20604167e+02 5.00000000e+00 1.32000000e+02 9.80000000e+01 2.00000000e+00
 3.45610000e+04 1.20734583e+02 5.00000000e+00 3.00000000e+00 9.40000000e+01 1.00000000e+00
 3.45620000e+04 1.21507500e+02 9.00000000e+00 1.20000000e+01 9.80000000e+01 2.00000000e+00
 3.45620000e+04 1.21613750e+02 9.00000000e+00 2.00000000e+00 9.40000000e+01 1.00000000e+00
 3.45620000e+04 1.21615417e+02 9.00000000e+00 1.20000000e+01 9.10000000e+01 2.00000000e+00
 3.45620000e+04 1.21616667e+02 9.00000000e+00 2.00000000e+00 9.50000000e+01 1.00000000e+00
 3.45620000e+04 1.21617500e+02 9.00000000e+00 9.00000000e+00 9.30000000e+01 1.00000000e+00
 3.45620000e+04 1.21652917e+02 9.00000000e+00 8.00000000e+00 9.80000000e+01 2.00000000e+00
 3.45630000e+04 1.22622917e+02 1.40000000e+01 9.00000000e+00 9.01000000e+02 2.00000000e+00
 3.45630000e+04 1.22633333e+02 1.40000000e+01 9.00000000e+00 9.70000000e+01 1.00000000e+00
 3.45630000e+04 1.22680417e+02 1.40000000e+01 1.20000000e+01 9.80000000e+01 2.00000000e+00
 3.45630000e+04 1.22711667e+02 1.40000000e+01 8.00000000e+00 9.60000000e+01 2.00000000e+00
 3.45630000e+04 1.22718750e+02 1.40000000e+01 8.00000000e+00 9.80000000e+01 2.00000000e+00
 3.45630000e+04 1.22723750e+02 1.40000000e+01 1.32000000e+02 9.70000000e+01 1.00000000e+00
 3.45640000e+04 1.23482500e+02 2.10000000e+01 9.00000000e+00 9.80000000e+01 2.00000000e+00
 3.45640000e+04 1.23513750e+02 2.10000000e+01 8.00000000e+00 9.80000000e+01 2.00000000e+00
 3.45640000e+04 1.23542917e+02 2.10000000e+01 1.32000000e+02 9.70000000e+01 2.00000000e+00
 3.45640000e+04 1.23580417e+02 2.10000000e+01 9.00000000e+00 9.01000000e+02 2.00000000e+00
 3.45640000e+04 1.23614583e+02 2.10000000e+01 2.00000000e+00 9.40000000e+01 1.00000000e+00
 3.45640000e+04 1.23654167e+02 2.10000000e+01 1.20000000e+01 9.60000000e+01 2.00000000e+00
 3.45640000e+04 1.23698750e+02 2.10000000e+01 2.00000000e+00 9.40000000e+01 1.00000000e+00
 3.45640000e+04 1.23770000e+02 2.10000000e+01 1.32000000e+02 9.40000000e+01 1.00000000e+00
 3.45640000e+04 1.23895000e+02 2.10000000e+01 1.32000000e+02 9.40000000e+01 1.00000000e+00
 3.45650000e+04 1.24510417e+02 1.90000000e+01 9.00000000e+00 9.80000000e+01 2.00000000e+00
 3.45650000e+04 1.24632083e+02 1.90000000e+01 1.32000000e+02 9.80000000e+01 2.00000000e+00
 3.45650000e+04 1.24704167e+02 1.90000000e+01 2.00000000e+00 9.40000000e+01 1.00000000e+00
 3.45650000e+04 1.24711250e+02 1.90000000e+01 2.00000000e+00 9.50000000e+01 1.00000000e+00
 3.45660000e+04 1.25452083e+02 2.00000000e+01 3.00000000e+00 9.01000000e+02 1.00000000e+00
 3.45660000e+04 1.25567917e+02 2.00000000e+01 8.00000000e+00 9.10000000e+01 2.00000000e+00
 3.45660000e+04 1.25623750e+02 2.00000000e+01 1.32000000e+02 9.40000000e+01 1.00000000e+00
 3.45660000e+04 1.25645000e+02 2.00000000e+01 2.00000000e+00 9.80000000e+01 1.00000000e+00
 3.45660000e+04 1.25648750e+02 2.00000000e+01 3.00000000e+00 9.40000000e+01 1.00000000e+00
 3.45660000e+04 1.25652917e+02 2.00000000e+01 1.32000000e+02 9.40000000e+01 1.00000000e+00
 3.45660000e+04 1.25683333e+02 2.00000000e+01 9.00000000e+00 9.40000000e+01 1.00000000e+00
 3.45670000e+04 1.26420000e+02 1.80000000e+01 9.00000000e+00 9.50000000e+01 1.00000000e+00
 3.45670000e+04 1.26549167e+02 1.80000000e+01 3.00000000e+00 9.80000000e+01 1.00000000e+00
 3.45670000e+04 1.26656250e+02 1.80000000e+01 1.20000000e+01 9.80000000e+01 2.00000000e+00
 3.45670000e+04 1.26659167e+02 1.80000000e+01 2.00000000e+00 9.01000000e+02 1.00000000e+00
 3.45670000e+04 1.26699167e+02 1.80000000e+01 2.00000000e+00 8.90000000e+01 2.00000000e+00
 3.45670000e+04 1.26715417e+02 1.80000000e+01 9.00000000e+00 9.40000000e+01 1.00000000e+00
 3.45670000e+04 1.26996667e+02 1.80000000e+01 8.00000000e+00 9.80000000e+01 1.00000000e+00
 3.45680000e+04 1.27461250e+02 2.10000000e+01 9.00000000e+00 9.60000000e+01 2.00000000e+00
 3.45680000e+04 1.27520833e+02 2.10000000e+01 2.00000000e+00 9.40000000e+01 1.00000000e+00
 3.45680000e+04 1.27616667e+02 2.10000000e+01 3.00000000e+00 9.80000000e+01 1.00000000e+00
 3.45680000e+04 1.27729167e+02 2.10000000e+01 1.20000000e+01 9.60000000e+01 2.00000000e+00
 3.45680000e+04 1.27750000e+02 2.10000000e+01 9.00000000e+00 9.60000000e+01 1.00000000e+00
 3.45680000e+04 1.27770000e+02 2.10000000e+01 8.00000000e+00 9.80000000e+01 1.00000000e+00
 3.45680000e+04 1.27772917e+02 2.10000000e+01 2.00000000e+00 9.01000000e+02 2.00000000e+00
 3.45690000e+04 1.28457083e+02 2.00000000e+01 8.00000000e+00 9.80000000e+01 2.00000000e+00
 3.45690000e+04 1.28608333e+02 2.00000000e+01 8.00000000e+00 9.10000000e+01 1.00000000e+00
 3.45690000e+04 1.28652083e+02 2.00000000e+01 3.00000000e+00 9.70000000e+01 2.00000000e+00
 3.45690000e+04 1.28687500e+02 2.00000000e+01 1.32000000e+02 9.40000000e+01 1.00000000e+00
 3.45690000e+04 1.28742500e+02 2.00000000e+01 1.32000000e+02 9.70000000e+01 2.00000000e+00
 3.45690000e+04 1.28937500e+02 2.00000000e+01 1.20000000e+01 9.80000000e+01 2.00000000e+00
 3.45700000e+04 1.29355000e+02 2.00000000e+01 2.00000000e+00 9.30000000e+01 1.00000000e+00
 3.45700000e+04 1.29618750e+02 2.00000000e+01 8.00000000e+00 9.70000000e+01 2.00000000e+00
 3.45700000e+04 1.29676250e+02 2.00000000e+01 1.20000000e+01 9.40000000e+01 2.00000000e+00
 3.45700000e+04 1.29726250e+02 2.00000000e+01 9.00000000e+00 9.40000000e+01 1.00000000e+00
 3.45700000e+04 1.29734583e+02 2.00000000e+01 1.20000000e+01 9.70000000e+01 2.00000000e+00
 3.45700000e+04 1.29755417e+02 2.00000000e+01 2.00000000e+00 9.40000000e+01 1.00000000e+00
 3.45700000e+04 1.29814583e+02 2.00000000e+01 3.00000000e+00 9.80000000e+01 1.00000000e+00
 3.45710000e+04 1.30582500e+02 1.80000000e+01 1.32000000e+02 9.10000000e+01 1.00000000e+00
 3.45710000e+04 1.30587500e+02 1.80000000e+01 8.00000000e+00 9.10000000e+01 1.00000000e+00
 3.45710000e+04 1.30593750e+02 1.80000000e+01 9.00000000e+00 9.10000000e+01 2.00000000e+00
 3.45710000e+04 1.30676250e+02 1.80000000e+01 1.32000000e+02 9.10000000e+01 1.00000000e+00
 3.45710000e+04 1.30701250e+02 1.80000000e+01 1.20000000e+01 9.80000000e+01 2.00000000e+00
 3.45720000e+04 1.31694583e+02 1.70000000e+01 1.32000000e+02 9.50000000e+01 2.00000000e+00
 3.45720000e+04 1.31801250e+02 1.70000000e+01 1.20000000e+01 9.80000000e+01 2.00000000e+00
 3.45720000e+04 1.31827083e+02 1.70000000e+01 1.20000000e+01 9.40000000e+01 2.00000000e+00
 3.45720000e+04 1.31895000e+02 1.70000000e+01 3.00000000e+00 9.01000000e+02 1.00000000e+00
 3.45720000e+04 1.31898750e+02 1.70000000e+01 1.20000000e+01 9.80000000e+01 2.00000000e+00
 3.45730000e+04 1.32520000e+02 1.70000000e+01 1.32000000e+02 9.10000000e+01 1.00000000e+00
 3.45730000e+04 1.32545833e+02 1.70000000e+01 2.00000000e+00 9.40000000e+01 1.00000000e+00
 3.45730000e+04 1.32547917e+02 1.70000000e+01 3.00000000e+00 9.80000000e+01 2.00000000e+00
 3.45730000e+04 1.32652083e+02 1.70000000e+01 3.00000000e+00 9.50000000e+01 2.00000000e+00
 3.45730000e+04 1.32802083e+02 1.70000000e+01 3.00000000e+00 9.40000000e+01 1.00000000e+00
 3.45730000e+04 1.32839583e+02 1.70000000e+01 1.20000000e+01 9.01000000e+02 2.00000000e+00
 3.45730000e+04 1.32847083e+02 1.70000000e+01 8.00000000e+00 9.70000000e+01 1.00000000e+00
 3.45740000e+04 1.33520000e+02 1.40000000e+01 3.00000000e+00 9.30000000e+01 1.00000000e+00
 3.45740000e+04 1.33711250e+02 1.40000000e+01 9.00000000e+00 9.10000000e+01 1.00000000e+00
 3.45750000e+04 1.34230000e+02 2.10000000e+01 1.20000000e+01 9.60000000e+01 2.00000000e+00
 3.45750000e+04 1.34333333e+02 2.10000000e+01 3.00000000e+00 2.17000000e+02 1.00000000e+00
 3.45750000e+04 1.34385417e+02 2.10000000e+01 9.00000000e+00 9.80000000e+01 2.00000000e+00
 3.45750000e+04 1.34564583e+02 2.10000000e+01 3.00000000e+00 9.40000000e+01 1.00000000e+00
 3.45750000e+04 1.34578333e+02 2.10000000e+01 2.00000000e+00 2.17000000e+02 1.00000000e+00
 3.45750000e+04 1.34607083e+02 2.10000000e+01 2.00000000e+00 9.10000000e+01 1.00000000e+00
 3.45750000e+04 1.34613750e+02 2.10000000e+01 3.00000000e+00 9.80000000e+01 2.00000000e+00
 3.45750000e+04 1.34645000e+02 2.10000000e+01 1.20000000e+01 9.10000000e+01 2.00000000e+00
 3.45750000e+04 1.34669583e+02 2.10000000e+01 2.00000000e+00 9.70000000e+01 1.00000000e+00
 3.45750000e+04 1.34707500e+02 2.10000000e+01 3.00000000e+00 9.40000000e+01 1.00000000e+00
 3.45750000e+04 1.34729167e+02 2.10000000e+01 3.00000000e+00 9.40000000e+01 1.00000000e+00
 3.45750000e+04 1.34735417e+02 2.10000000e+01 2.00000000e+00 9.40000000e+01 1.00000000e+00
 3.45760000e+04 1.35590417e+02 1.80000000e+01 1.20000000e+01 9.70000000e+01 2.00000000e+00
 3.45760000e+04 1.35711250e+02 1.80000000e+01 1.20000000e+01 9.80000000e+01 2.00000000e+00
 3.45760000e+04 1.35802083e+02 1.80000000e+01 1.31000000e+02 9.70000000e+01 1.00000000e+00
 3.45760000e+04 1.35862500e+02 1.80000000e+01 9.00000000e+00 9.70000000e+01 1.00000000e+00
 3.45770000e+04 1.36774167e+02 1.70000000e+01 1.20000000e+01 9.40000000e+01 2.00000000e+00
 3.45780000e+04 1.37547917e+02 9.00000000e+00 3.00000000e+00 9.80000000e+01 2.00000000e+00
 3.45780000e+04 1.37623750e+02 9.00000000e+00 8.00000000e+00 9.40000000e+01 1.00000000e+00
 3.45780000e+04 1.37625000e+02 9.00000000e+00 8.00000000e+00 9.80000000e+01 2.00000000e+00
 3.45780000e+04 1.37655000e+02 9.00000000e+00 8.00000000e+00 9.80000000e+01 2.00000000e+00
 3.45790000e+04 1.38634167e+02 8.00000000e+00 2.00000000e+00 9.40000000e+01 2.00000000e+00
 3.45790000e+04 1.38687500e+02 8.00000000e+00 1.32000000e+02 9.60000000e+01 2.00000000e+00
 3.45790000e+04 1.38692500e+02 8.00000000e+00 9.00000000e+00 9.10000000e+01 1.00000000e+00
 3.45800000e+04 1.39329167e+02 1.20000000e+01 9.00000000e+00 9.10000000e+01 2.00000000e+00
 3.45800000e+04 1.39466667e+02 1.20000000e+01 3.00000000e+00 9.01000000e+02 1.00000000e+00
 3.45800000e+04 1.39576250e+02 1.20000000e+01 1.20000000e+01 9.80000000e+01 2.00000000e+00
 3.45800000e+04 1.39761667e+02 1.20000000e+01 3.00000000e+00 9.01000000e+02 1.00000000e+00
 3.45800000e+04 1.39770833e+02 1.20000000e+01 9.00000000e+00 9.40000000e+01 2.00000000e+00
 3.45810000e+04 1.40614583e+02 1.10000000e+01 1.32000000e+02 9.70000000e+01 2.00000000e+00
 3.45810000e+04 1.40617500e+02 1.10000000e+01 1.20000000e+01 9.80000000e+01 2.00000000e+00
 3.45810000e+04 1.40694583e+02 1.10000000e+01 1.20000000e+01 9.80000000e+01 2.00000000e+00
 3.45820000e+04 1.41190417e+02 1.10000000e+01 1.20000000e+01 9.70000000e+01 2.00000000e+00
 3.45820000e+04 1.41555000e+02 1.10000000e+01 1.20000000e+01 9.70000000e+01 2.00000000e+00
 3.45820000e+04 1.41895000e+02 1.10000000e+01 9.00000000e+00 9.60000000e+01 2.00000000e+00
 3.45830000e+04 1.42510417e+02 1.00000000e+01 2.00000000e+00 9.80000000e+01 2.00000000e+00
 3.45830000e+04 1.42520000e+02 1.00000000e+01 1.20000000e+01 9.80000000e+01 2.00000000e+00
 3.45830000e+04 1.42718750e+02 1.00000000e+01 1.32000000e+02 9.01000000e+02 2.00000000e+00
 3.45830000e+04 1.42922917e+02 1.00000000e+01 9.00000000e+00 9.80000000e+01 2.00000000e+00
 3.45840000e+04 1.43661667e+02 8.00000000e+00 8.00000000e+00 9.40000000e+01 2.00000000e+00
 3.45850000e+04 1.44459583e+02 1.10000000e+01 1.32000000e+02 9.80000000e+01 2.00000000e+00
 3.45850000e+04 1.44547083e+02 1.10000000e+01 1.32000000e+02 9.01000000e+02 1.00000000e+00
 3.45850000e+04 1.44580417e+02 1.10000000e+01 3.00000000e+00 9.10000000e+01 2.00000000e+00
 3.45850000e+04 1.44701250e+02 1.10000000e+01 9.00000000e+00 9.80000000e+01 2.00000000e+00
 3.45850000e+04 1.44720000e+02 1.10000000e+01 8.00000000e+00 9.40000000e+01 2.00000000e+00
 3.45850000e+04 1.44758333e+02 1.10000000e+01 1.20000000e+01 9.80000000e+01 2.00000000e+00
 3.45860000e+04 1.45301250e+02 1.00000000e+01 1.31000000e+02 9.10000000e+01 1.00000000e+00
 3.45860000e+04 1.45777917e+02 1.00000000e+01 8.00000000e+00 9.80000000e+01 2.00000000e+00
 3.45860000e+04 1.45882083e+02 1.00000000e+01 1.20000000e+01 9.30000000e+01 2.00000000e+00
 3.45870000e+04 1.46307083e+02 1.30000000e+01 1.20000000e+01 9.10000000e+01 2.00000000e+00
 3.45870000e+04 1.46352083e+02 1.30000000e+01 8.00000000e+00 9.10000000e+01 1.00000000e+00
 3.45870000e+04 1.46358333e+02 1.30000000e+01 3.00000000e+00 9.40000000e+01 1.00000000e+00
 3.45870000e+04 1.46505417e+02 1.30000000e+01 3.00000000e+00 9.02000000e+02 1.00000000e+00
 3.45880000e+04 1.47391667e+02 1.10000000e+01 3.00000000e+00 9.10000000e+01 1.00000000e+00
 3.45880000e+04 1.47503333e+02 1.10000000e+01 8.00000000e+00 9.80000000e+01 1.00000000e+00
 3.45880000e+04 1.47770000e+02 1.10000000e+01 1.32000000e+02 9.80000000e+01 2.00000000e+00
 3.45880000e+04 1.47854167e+02 1.10000000e+01 9.00000000e+00 9.01000000e+02 1.00000000e+00
 3.45890000e+04 1.48645833e+02 1.40000000e+01 1.20000000e+01 9.80000000e+01 2.00000000e+00
 3.45890000e+04 1.48674167e+02 1.40000000e+01 8.00000000e+00 9.01000000e+02 1.00000000e+00
 3.45890000e+04 1.48701250e+02 1.40000000e+01 3.00000000e+00 9.80000000e+01 2.00000000e+00
 3.45890000e+04 1.48747917e+02 1.40000000e+01 2.00000000e+00 9.30000000e+01 1.00000000e+00
 3.45890000e+04 1.48832500e+02 1.40000000e+01 1.31000000e+02 9.10000000e+01 1.00000000e+00
 3.45890000e+04 1.48882083e+02 1.40000000e+01 9.00000000e+00 9.60000000e+01 2.00000000e+00
 3.45900000e+04 1.49458333e+02 1.30000000e+01 8.00000000e+00 9.40000000e+01 1.00000000e+00
 3.45900000e+04 1.49602917e+02 1.30000000e+01 2.00000000e+00 9.40000000e+01 1.00000000e+00
 3.45900000e+04 1.49701250e+02 1.30000000e+01 9.00000000e+00 9.10000000e+01 1.00000000e+00
 3.45910000e+04 1.50605417e+02 1.00000000e+01 3.00000000e+00 9.01000000e+02 1.00000000e+00
 3.45920000e+04 1.51378333e+02 1.00000000e+01 1.20000000e+01 9.01000000e+02 2.00000000e+00
 3.45920000e+04 1.51406250e+02 1.00000000e+01 1.32000000e+02 9.10000000e+01 1.00000000e+00
 3.45920000e+04 1.51510417e+02 1.00000000e+01 3.00000000e+00 9.40000000e+01 1.00000000e+00
 3.45920000e+04 1.51724167e+02 1.00000000e+01 9.00000000e+00 9.40000000e+01 1.00000000e+00
 3.45920000e+04 1.51788750e+02 1.00000000e+01 9.00000000e+00 9.40000000e+01 2.00000000e+00
 3.45920000e+04 1.51855000e+02 1.00000000e+01 1.31000000e+02 9.40000000e+01 1.00000000e+00
 3.45930000e+04 1.52957500e+02 8.00000000e+00 1.20000000e+01 9.80000000e+01 2.00000000e+00
 3.45960000e+04 1.55659583e+02 3.00000000e+00 3.00000000e+00 9.10000000e+01 2.00000000e+00
 3.45960000e+04 1.55677917e+02 3.00000000e+00 1.20000000e+01 9.30000000e+01 1.00000000e+00
 3.45960000e+04 1.55702083e+02 3.00000000e+00 1.20000000e+01 9.80000000e+01 2.00000000e+00
 3.45970000e+04 1.56357500e+02 1.20000000e+01 3.00000000e+00 9.10000000e+01 1.00000000e+00
 3.45970000e+04 1.56465417e+02 1.20000000e+01 1.20000000e+01 9.80000000e+01 2.00000000e+00
 3.45970000e+04 1.56472083e+02 1.20000000e+01 9.00000000e+00 9.40000000e+01 2.00000000e+00
 3.45970000e+04 1.56527917e+02 1.20000000e+01 9.00000000e+00 9.60000000e+01 1.00000000e+00
 3.45970000e+04 1.56565417e+02 1.20000000e+01 1.20000000e+01 9.60000000e+01 2.00000000e+00
 3.45970000e+04 1.56577083e+02 1.20000000e+01 2.00000000e+00 9.60000000e+01 1.00000000e+00
 3.45970000e+04 1.56577083e+02 1.20000000e+01 8.00000000e+00 9.01000000e+02 1.00000000e+00
 3.45970000e+04 1.56742500e+02 1.20000000e+01 1.20000000e+01 9.01000000e+02 2.00000000e+00
 3.45970000e+04 1.56791667e+02 1.20000000e+01 8.00000000e+00 9.10000000e+01 2.00000000e+00
 3.45980000e+04 1.57591667e+02 1.30000000e+01 9.00000000e+00 9.60000000e+01 1.00000000e+00
 3.45990000e+04 1.58405417e+02 1.10000000e+01 3.00000000e+00 9.80000000e+01 2.00000000e+00
 3.46010000e+04 1.60656250e+02 7.00000000e+00 8.00000000e+00 9.80000000e+01 2.00000000e+00
 3.46010000e+04 1.60657500e+02 7.00000000e+00 1.20000000e+01 9.80000000e+01 2.00000000e+00
 3.46010000e+04 1.60697083e+02 7.00000000e+00 1.20000000e+01 9.80000000e+01 2.00000000e+00
 3.46010000e+04 1.60698750e+02 7.00000000e+00 8.00000000e+00 9.80000000e+01 2.00000000e+00
 3.46010000e+04 1.60718750e+02 7.00000000e+00 3.00000000e+00 9.01000000e+02 2.00000000e+00
 3.46010000e+04 1.60758333e+02 7.00000000e+00 3.00000000e+00 9.01000000e+02 1.00000000e+00
 3.46030000e+04 1.62572083e+02 8.00000000e+00 3.00000000e+00 9.40000000e+01 1.00000000e+00
 3.46030000e+04 1.62738750e+02 8.00000000e+00 9.00000000e+00 9.01000000e+02 1.00000000e+00
 3.46060000e+04 1.65509583e+02 2.00000000e+00 3.00000000e+00 9.80000000e+01 1.00000000e+00
 3.46060000e+04 1.65541667e+02 2.00000000e+00 1.20000000e+01 9.10000000e+01 2.00000000e+00
 3.46070000e+04 1.66770000e+02 3.00000000e+00 8.00000000e+00 9.80000000e+01 1.00000000e+00
