37004	0	17.5	1.4	16.9	1.5	65	8	1.9	8.1	11.9	0	0.4	0	0.3	3.1	0	4.9	0.5	4.7	14.6	28.4	8.1	1.3	8.5	22.2	49.3	5.8	1.6	7	28.7	70	9.2	1.5	9	15
37005	0	20	1.6	19.6	4.3	64.3	9.9	2.6	10	5.1	0	0	0	0	1.6	41.6	16.4	1.2	17	8.1	24.2	11.5	0	10.9	20	15.1	4.1	0	3.3	20	64.6	7.8	1.4	8	7.9
37006	0	19.9	0	20.1	4.2	60.8	12.2	5.9	12.2	10.3	0	0	0	0	3	38.9	17.3	1.7	17.9	9.4	62	13.5	0.7	14.1	18	58.7	6.3	0.5	6.6	18	73.8	9.2	1.6	9.7	6
37007	88.2	10.7	6.4	10.8	18.8	85.6	11.5	6.5	11.5	15.3	32.5	0.9	1.6	0.8	0	88.2	20.5	6.7	21.2	11.1	44.1	9.8	0.3	11.3	29.3	53.3	3.6	1.1	4.4	31.9	80.9	10	4	10.6	18.5
37008	71.8	9	3.8	8.8	4.3	88.6	13.8	5.3	13.7	7.1	83.9	4.7	3.4	4.8	5.1	86.7	22.2	4.9	22.2	3.2	26.4	0	0.2	0	19	71.7	4.7	1.4	5.3	14.2	67.5	9.6	0.9	10.5	9.2
37009	40.1	5.6	4.8	5.6	5.3	91	16.9	7	16.9	4.4	64.9	6.3	6.9	6.3	6.7	52.5	4.5	1.8	4.4	4.6	81.4	4.8	2	5.2	6.2	81.6	6.2	1.9	6.8	7	79.1	10.5	2.2	12.2	8.3
37010	45.1	7.9	8.2	7.9	7.2	92	21.7	17.6	21.7	24.3	31.2	3.3	3.3	3.4	16.6	49	21.8	5.5	21.8	0	92	9.1	10.5	9.7	19.3	86.7	8.4	7.3	9.1	23.9	88.1	14.1	5.6	14	7.5
37011	89.1	12.5	3.3	12.3	2.3	85.7	22.8	3.7	22.7	5.1	80.7	7.8	2.1	8.1	6.5	83.1	6.7	3	6.9	0	88.1	9.4	7.2	9.4	12.3	89.6	12.1	8.3	12.1	14.6	90.1	15.3	7.6	15.3	9.9
37012	86.5	12.4	4.6	12.4	8.4	88	26	7.8	25.9	13.5	94	10.8	8.4	11.1	20.5	65.3	5.1	0.9	5	7.4	67.3	8.5	1	9.3	20.3	83.3	11.1	2.1	11.6	6.6	93.1	20.3	9.8	20.3	10.5
37013	42.6	6.2	0	6.2	22	59.7	15.9	2.2	16.1	17.6	65	4.9	2	5	24.6	61.2	4.6	0.8	4.6	14.8	87.5	10.1	6.8	10.3	24.4	68.6	10.8	0.9	12.4	10.5	93.3	27.8	10.5	27.8	9.3
37014	55.3	6.2	0.4	7.3	9.7	75.6	17.2	1.7	18.1	12.3	77.8	6.7	2.1	6.8	15	73.7	5.7	1	5.7	8.6	87.8	12.5	7.9	12.7	17.6	83.1	13.7	6.1	15.2	17.1	92.5	32.2	11.5	32.1	14
37015	77	5.5	2	5.7	5.4	85.5	17.4	2.8	18.1	5.3	82.7	8.6	2.4	8.7	5.9	78.6	7	1.7	7	6.3	87.6	13.8	7.1	14	15	84.6	14.8	3.9	16.8	12.8	72	31.8	0.9	32.3	2.7
37016	87	8.5	6.2	8.9	12.1	89.2	20.6	6.9	21	10.6	82.8	10.2	5.1	10.4	19.6	86	10.6	5.1	10.7	10.5	90.7	17.4	7.2	17.6	6.5	87.6	17.3	4.2	19.1	8.2	80.4	34.5	2.6	35	9.6
37017	72.1	7.5	2	8.6	13.5	73.1	20.6	1.1	21.7	11	34.8	6.2	0.1	7.2	18.1	80.3	10.2	3.2	10.3	8.4	92.4	21.8	21.1	21.7	22.9	88.8	20.1	8.3	20.8	16.9	88.5	38.3	5.9	38.6	9.3
37018	69.8	10.1	1.6	11.5	8.1	83.4	17.7	3.3	18.2	9.1	42.3	5.7	0.2	6.8	3.6	50.6	5.7	0	6.4	6	91.8	25.5	17.9	25.4	23.3	88.6	22.7	9.5	23.4	19.8	90.9	42	8.7	42.2	11.8
37019	63.4	9.4	1.3	11.6	13.3	37.4	10.5	0.1	13.2	13.6	38.4	3.1	0.1	4.2	19.2	44.7	5.3	0.1	6.9	5.8	78.8	22	10.3	22	26.8	81.8	22.1	4.3	24.6	24.2	62.7	37.9	1	38.6	5.2
37020	84.3	13.8	5	16.2	12.6	77.3	10.5	2.3	11.6	3.2	72.8	6.2	1.2	8.1	9	79.9	9.2	2.1	10.2	11	87.2	25.1	7.2	24.9	18.1	86.5	24.5	7.4	27	19.1	73.2	34.2	0.6	34.9	9.6
37021	55.8	11.3	1.3	13.9	11	39.3	7.2	0.1	9.2	8	64.8	6.6	2	8.4	23.8	32.6	5.6	0	7.2	10.3	55.5	22.1	4.1	23	15	43.6	15.6	0.1	20.7	14	89.3	38.8	5.6	39.6	7.6
37022	73.1	13.3	2.5	16.2	6.9	67.1	9.1	0.8	11.1	7	76.1	8.5	1.6	10.3	8.4	58.3	6.5	0.8	8.2	12.6	51.1	21.3	0.5	23	9.1	51.9	14.9	0.5	20.1	12.9	64.9	36.1	2.1	37.3	6.2
37023	51.9	11.8	1.9	14.3	6.7	75.4	10.5	0.9	12.6	3.7	79.1	10.1	1.9	12	3.4	78.4	8.9	1.4	10.4	5.3	72.3	23.1	1.7	24.9	10.3	75.4	16.7	3.4	22	26.4	46.8	25.2	0.2	29.7	7.2
37024	84.9	21.7	3.4	25.4	6.1	86	14.4	2.8	16.3	3.2	86.8	13.9	4.3	15.1	5.6	83.9	11.6	1.9	13	4.5	78.8	24.6	2.5	26.7	9.1	85	18.8	3.9	25	11.9	73.7	27.9	1.1	31.9	8
37025	46.4	14.1	1.4	18.2	11.8	52.7	11.1	0.7	13.9	6.7	60.8	9.4	1.3	12.1	21.9	88	13.2	3.3	15.4	14.4	88.7	27.9	4.5	29.8	7	83.2	21.5	1.6	27	0.5	83.5	29.9	2.5	34.8	5.8
37026	78	17.2	2.6	21.4	13.7	53	11.5	0.6	15.3	11.5	73.8	10.2	1.5	13.1	13	82.8	13.7	1.7	16.2	13.6	93	32.6	19.9	34.2	23.4	87.9	25.4	3.5	30.9	2.1	90.3	33.6	6.3	37.8	5.4
37027	64.6	11.2	1.1	15.1	13.4	67.2	9.5	1.1	13.3	12.4	72.7	9.5	1.3	12.2	12.5	61.6	9.9	0.6	12.6	8.6	93	35.5	15.3	37	24.9	88	27.4	3.5	32.9	1.9	87	35.5	4.8	39.5	9
37028	32	5.4	0.1	8.5	17.5	33	5.5	0.1	8.3	11.1	42.1	6	0.1	8.6	6.5	77.3	7.8	2	8.7	5.6	88.9	35.4	4.9	36.9	15.2	78.4	27.1	1.3	33.7	0	70.3	33.9	1.1	38.1	5.7
37029	70.8	8.6	1.1	12.2	10.1	73.3	9.2	0.8	13	8	67.8	7.2	1	9.8	10.2	82.8	11.2	3.3	12.2	9.9	34.7	21.2	0.1	27.2	11.8	59.4	17.3	0.7	24.4	12.4	67.2	32.1	0.8	37.8	8
37030	82.5	11.3	3.4	15.9	14.8	80.7	11.9	1.6	16.4	3.5	82.2	10.3	2.6	13.7	10.5	88.2	15	4.2	16	4.8	66.1	21.8	1.1	27.6	6.9	82.9	21.4	2.3	28.6	9.6	80.3	34.8	1.7	40	6.6
37031	51.9	8.4	1.5	12	11.8	83.4	13.9	2.4	18.8	6.7	86	13.3	5.2	16.8	15.2	88.3	18.8	5.9	19.9	9.5	88.6	26.8	10.2	32.5	15.3	89.6	26.1	5.6	33.5	6.4	84.2	37	2.5	42.9	4.2
37032	3.1	3.1	0	3	7.6	17.9	5.4	0	6.9	5.6	13.7	5.3	0	5.6	5	85.3	20	3.5	20.9	8.7	87.1	30.6	20.7	35.6	30	92	29.4	5.8	36.5	10.5	81.9	38.5	4.4	44.6	14.2
37033	0	1.1	0	1.1	22.6	1.4	2	0	2.1	6.5	21.8	2.3	0	2.6	19.1	29.2	9.6	0	12	17.8	75.1	29.3	2.5	34.9	13.9	65.2	23.6	0.9	31.6	19.3	23.7	19.2	0	26.7	3.1
37034	0.9	1	0	1	17.7	0.8	0.8	0	0.8	4.1	46.5	3.1	0.2	3.5	8	48.4	10.4	0.3	12.7	5.9	31.8	12.4	0	19.1	8.7	34.4	11.9	0.1	17.7	16.6	31.8	9	0	13.9	2
37035	27.7	1.5	0	1.9	9.4	30.7	2.1	0	2.1	3	71.9	5.2	1.3	5.7	12.4	62.3	11.6	0.6	13.9	4.4	72.4	14.8	1.3	21.2	19	58.9	13.5	1.2	19.9	12.1	34.5	8.5	0	13.2	6.6
37036	52.9	2.4	0.6	3.5	14.2	41.2	2.8	0.1	3.2	3.2	69.9	6	0.9	7.1	6.7	60.7	11.6	0.7	15	6.3	77.5	16	2	23.3	14	39.1	7.7	0.1	12.7	13.4	56.7	9.8	0.7	15.3	12.4
37037	74.3	5.2	1.4	5.7	11.1	25.1	1.4	0	1.6	1.8	37.1	3.1	0.1	4.3	8.4	19.7	5.2	0	7.5	3.6	76.1	15.6	2.6	22.5	21.3	30.9	3.8	0	6.5	9.1	50.8	6.4	0.4	10.9	8.6
37038	65	4.9	0.5	5.9	1.5	35.3	1.3	0.1	1.5	6.1	60.4	5.1	0.6	6.4	6.9	31.3	4.5	0.1	7.1	2.5	83.3	18.2	3.8	25.5	8.5	36.6	2.6	0	4.2	6.4	75.1	9.3	1.4	13.9	8.7
37039	78.1	6.3	2.2	7.8	14.1	46.9	1.5	0.2	2.4	10.9	71	6	1.3	8.1	13.2	38.3	4.5	0.2	7.1	4.9	78.3	18.6	2.1	25.8	20.2	52	3.2	0.5	5.7	12.6	23.9	4	0	6.8	3.5
37040	84.6	8.3	2.7	9.8	6.2	74.1	4.6	1.3	5.7	9.1	80.5	8	1.9	10	5.2	67	6.5	0.9	9.9	7.4	72.7	17.6	2.2	25.1	19.4	50.9	2.3	0.4	3.9	14.4	27.1	2.5	0	4.1	9.7
37041	89.8	12.2	6.2	13.1	8.6	85.6	8.5	3	8.8	4.3	87.8	11.8	5.4	13.9	8.1	82.7	9.4	2.4	12.9	8	81.1	19	3.2	26.8	15.8	71.2	3.4	1.7	6.1	20.1	56.7	4.2	0.6	6.5	12.4
37042	89.4	14.9	6.9	15.7	12.2	85.2	10.4	3.6	10.8	7.2	88.6	14.8	7.3	16.1	12.8	88.6	13.4	4.3	16.9	3.6	89.3	23.2	7	31.6	8.9	83.6	6.4	2.6	11	7.9	77	6.9	1.4	9.9	7
37043	80.6	15.4	4.5	17	11.4	34.5	5.4	0	6.7	8.4	85.5	16.2	2.9	18.1	4.8	86.4	14.3	2.5	18.1	0.7	89.2	25.6	5.3	33.8	7.9	83.4	7.2	2.8	11.8	8.9	85.6	8.9	4.7	13.3	12
37044	69.1	13.8	3.6	16.3	14.9	23.2	3.1	0	4.5	5.2	53.9	12	0.5	15.2	14.9	20.1	6.7	0.1	9.4	8.2	22.7	12	0	19	16.4	19.9	3.6	0	6.3	2.3	48	6.1	0.3	9	6.9
37045	82.4	16.4	4.2	18.8	13.7	59.2	5.2	0.8	7.5	14.2	77.8	14.3	1.8	18.2	13.8	39.3	7.2	0.2	10.3	7.2	4	5	0	10.1	17.9	16.1	2.9	0	4.8	10.8	14	2.5	0.1	4.9	3.1
37046	86.5	18.9	4.5	21.4	9.2	79.1	8.4	1.9	10.7	9.2	86.5	17.3	4	21.3	8.8	68.2	9.2	1.2	12.6	9.9	21.8	4.6	0	9.1	14.3	31.3	3	0	5.8	8.1	22.4	1.4	0	2.9	6
37047	89.5	23	6.6	25.3	8.5	84.3	10.7	2.5	13.1	5	88.8	20.6	5.9	24.6	9.7	81.4	12.1	2	15.8	5.5	64.1	7.4	0.8	12.9	14.5	63	5	0.6	8.9	6	48.4	3	0.2	4.8	6.6
37048	89.9	26.6	6.6	28.2	7.3	85.5	12.8	2.8	16.1	3.9	90	24.6	8	27.6	12.1	87.1	15.1	3.4	18.8	2.9	87.5	12	5.8	19.5	12.3	81.7	8	2.1	12.7	8.5	75.2	6.1	1	9.5	6.1
37049	90.7	31.3	6.4	33	6	86.3	15.5	2.9	18.8	2.4	89.8	27.7	5.6	30.8	5.9	89.1	18.9	4.2	22.8	1.7	90.4	15.8	8.1	24.4	11.2	87	11.9	3.2	18.3	3.1	87.1	9.7	5.1	13.8	10.2
37050	89.6	34.2	7	36	11.9	87	18.6	3.4	21.9	3.9	89.3	30.6	5.7	34.5	7.2	89.7	23.2	4.7	26.9	1.5	91.5	19.8	7.5	29	7.5	87.5	14.8	4.3	22.3	5.8	90.3	13.4	7.3	18.2	8.9
37051	85.8	37.4	4.2	39.1	10.9	82.6	19.7	3.6	23.5	6.3	65.2	20.6	1.1	26.4	8.8	88	25.5	3.3	29.6	0.3	92.2	25.1	12.1	35	12.3	89	18.7	5.5	26.3	8.1	91.2	18	7.1	22.8	5.3
37052	87.6	39	3	41.8	8.8	76.6	20.9	1.2	24.8	5.8	80.7	24.3	2.3	30.1	6.5	83.6	28.5	2.3	32.5	2.7	92.1	29.8	11.9	39	13.4	88.8	21.5	5.5	29.9	8.2	90.9	21.5	6.5	26.4	5.9
37053	79.1	35.7	2.5	39.2	13.7	80.6	22.9	1.4	27.8	3.5	85.3	26.7	6.2	32.7	16.9	63	21.6	1	28	9.1	89.6	33.8	8.7	44.2	15	87.3	24	4.8	32.7	6.1	86.4	22.2	3.4	28.1	5.1
37054	60.4	28.1	0.4	34.8	10	88.2	27	6.9	31.1	14.2	88.7	30.3	10	36.3	17.5	77.9	24.6	1.4	30.8	5.4	89.4	37.2	6.4	47.6	14.7	87	26.3	5.3	35.8	12.9	85.1	24.2	2.4	30.3	3.6
37055	64.8	28.4	0.9	35.9	8	64.1	25.7	1	31	9.9	40.6	20.6	0.1	28.5	11.4	56.3	22.4	0.6	29.4	9.4	83.4	37.3	3.7	48.7	12.6	84.9	27.5	2.9	37.1	6.9	86.2	26.9	3.1	33.1	3.9
37056	18.5	14.7	0	21.9	4.9	27.1	14.2	0.1	19.9	11.4	49.9	10.1	0.4	13.8	18	8.7	8.7	0	11.4	1.7	72.4	19.8	3	28.6	18.4	86	30.6	4.8	41.1	13.3	88.1	30.7	4.7	37.4	6
37057	35.9	8.2	0	13.7	16.2	36.6	6.9	0	11.1	21.6	74.4	12.2	2.1	16.7	21.3	42	10.4	0.1	14.1	10.8	85.4	19.3	6.1	27.7	21.5	84.1	31.7	3.5	42.2	12.8	89.6	35.1	6.6	41.4	9
37058	48.9	8.3	1.2	13.5	30.4	49.7	5.3	0.5	8.7	22.3	77.7	13.4	3.2	18.1	21.9	63.3	11.6	0.7	15.5	8.4	68.9	11.2	2.1	18.1	27.1	58.2	15.9	0.7	24.7	13.8	77.1	35.9	1.5	43.1	7.5
37059	69.7	9.8	1.6	16.1	16.4	72.1	7.3	1	11.7	6.3	84.7	15.5	4.8	20.2	15.3	76	13.6	1	17.8	5	81.4	13.3	2.7	21.4	12.8	76.2	18	1.5	27.8	9.4	83.5	38.2	3	45.4	7.9
37060	30	5.7	0	9.8	4.1	80.5	9.7	1.4	15.1	2.7	85.3	17.5	4.1	23.1	11.6	82.8	15.6	2.9	20.5	11.6	88.7	16.9	7.3	25.6	15.9	77.3	18.9	1	28.6	3.1	83.8	40.5	3.1	48	5.6
37061	61.4	4.7	2.1	8.8	31.7	49.8	5.1	0.4	7.3	20.7	71.3	12.3	4	17.9	33.1	58.1	9	0.7	12.5	16	56.5	7.9	1.1	13.6	32.3	65.8	14.3	2.6	22.8	24.6	86.5	43.5	6.1	51.1	15.2
37062	77	6.5	1.4	12.1	11.3	73.5	8	0.9	10.5	5	73.9	12.8	1.1	18.6	8.8	73.6	11.1	1.1	15.2	7.6	75.3	10.4	1.4	17.3	6.9	77.2	16.3	1.4	25.6	5.2	89.2	47.1	6.1	54.8	7.9
37063	83.9	9	2	15.6	3.2	83.5	11	2.1	13.5	4.1	80.5	14.1	2	20.8	8.3	69.6	11.2	0.9	15.2	4.6	78.1	11.4	2.6	18.7	9.2	82.2	18	2.1	27.5	4.7	89.4	51.4	6.6	58.3	6.5
37064	87.2	11.8	5	20	11.5	86.2	13.9	3.4	16.4	6.3	86.5	18	3.7	24.8	5	78.7	14.5	1.6	18.7	0.6	64.3	8.2	2.4	14.2	16.4	76.3	17.6	1.4	28.4	11.1	21.2	18.9	0	23.8	5.4
37065	87.7	14.9	6.8	24.1	14.3	88.3	18	6.4	20.7	12.4	89.2	22.1	11.2	29.8	21.1	86.5	17.8	3.4	22.3	5.3	84.3	12.5	7.6	19.6	14.9	83.7	19.9	3	31.5	8	55.5	21.2	0.4	26.4	6.8
37066	60.8	11	0.7	19.3	14	86.4	20.1	3.3	23.5	3.7	89	25.3	5.7	33.1	8.7	66.1	17	0.8	21.8	3.5	81.7	14.8	3.4	23.1	12.1	86	23	4	35.5	9.1	78.9	24.2	1.4	30.3	5.7
37067	60.2	9.1	0.5	16	6.7	86.9	22.5	3.4	25.8	3.7	89.5	28.8	8.6	36.5	16.4	64.4	14.8	0.8	20	9.1	73.4	15.6	2.6	24.6	11	86.5	25.9	5	39.2	13.2	87.6	28.7	3.8	34.3	4.6
37068	55.1	4.7	0.6	9.3	18.5	81	21.9	3.3	25.6	12.1	89.9	33	9.6	41.1	17.3	84	18.5	3.7	24.1	10.6	84.9	15.5	6	24.5	22.5	86	28.6	6.5	42	17.8	88.1	32	5.4	38.4	8
37069	40.3	4	0	6.7	2.9	85.7	24.9	3.9	29.2	12.2	89.9	37.2	5.5	45.3	5.2	84.5	20.1	2.9	26.8	7.5	87.3	18.2	5.4	27.8	13.9	84.3	29.6	2.6	44	4.4	88.1	36.4	6.6	42.2	9.7
37070	6.2	2	0	2.7	0	47	14.8	0.8	15.4	3.4	77.3	32.1	1.9	41.5	10.3	13.2	8	0	12.5	3.4	73.5	17.9	4.1	28	15.8	84.1	30.6	3.2	45	9.6	85.1	37.5	3.5	43.5	4.3
37071	8.8	1	0	1	8.6	47.3	8.5	0.1	8.9	4.5	84.4	34.8	6.4	44.4	21.7	43	9	0.1	13.7	7.6	72.8	13.6	1.8	21.9	20.7	85.1	32.7	5.2	48.1	17.1	83	40.2	3.1	46.7	10.3
37072	20.8	0	0	0	29.9	66.2	9.8	0.9	10.5	9.4	79.7	32.7	4.9	43.2	29.6	62	8.3	0.8	13	12.4	35.9	8.8	0.1	15.6	9	36.9	18	0.4	29	7.8	83.8	43.3	4.7	49.3	11.4
37073	59	1.8	1.2	3.2	22	80.5	11.7	2.1	12.5	11.4	83.6	33.8	4.6	45.2	19.4	73.1	9.2	1	14.7	6.9	13	5.5	0	9.8	14.9	51.1	18.3	1.1	29.5	25.7	68.1	34.5	1	43.4	15.5
37074	70.7	2.5	1	5.1	7.4	78.5	11.9	1.3	13.5	4.9	82.8	34.8	2.3	46.2	8.1	78.3	10.3	1	16	2.3	56.9	7.2	0.9	12.7	20.5	70.2	19.4	1.3	30.7	9.4	81.7	37.2	2.4	46.3	8.3
37075	83.8	4.6	5.5	8.4	21.5	84.4	14.4	3.3	17	12	78.1	33.6	1.9	46	12.9	78.9	11.9	1.4	18.7	2.9	54.7	6.4	0.4	11.8	11.6	67.5	19.5	1.1	31.6	10.1	81.3	37.9	2.1	47.1	6.4
37076	78.8	5	6.5	9.4	35	64.5	10.5	1.3	13.8	14.9	60.1	18.4	2.2	29	32.4	71.5	11.7	1	18.5	5.9	35.7	3	0.1	6.1	19.5	75.6	19.7	2.1	32.3	15	77.5	38.3	2.3	48.5	7.4
37077	83.7	6.9	2.8	12.2	9.7	79.2	12.5	1.4	16	4.6	79.4	20.6	2.7	31.6	18.2	70.9	11.6	1	18.3	9.4	17.2	0.4	0	1.9	20.2	70.1	19.9	1.5	32.6	17.2	60.4	25.4	1	36.5	12
37078	54	5.5	0.5	10.1	15.5	55	10.5	1	14.9	8.8	83.4	22.3	3.8	34.2	17.2	79.7	13.5	1.3	20.8	3.6	48.7	2	0.1	4	12.2	82.6	22	2.5	35.8	11.3	70.3	26.6	1.1	38.4	8
37079	75.5	5.9	2.8	10.2	24.3	82.5	13.7	4	18.1	17.2	82.9	22.1	4.5	34.1	19.2	74.2	14	1	22.2	4	57.8	1.2	0.4	2.8	9.6	81.9	23	1.9	37.5	7.9	80	28.4	1.5	40.4	7.2
37080	86.8	8.7	11.1	15.1	25.6	87.6	17.5	4.1	22.5	4.4	89.7	26.1	12.3	39	22	85.8	17.3	3.7	26.8	7.5	83.5	5.2	3.5	9.1	13.1	85.8	25.8	4.1	41.3	11.1	87.3	31.4	4	44.4	6.4
37081	87.3	11.2	8.6	18.9	18.9	89	21.5	5.3	26.6	5.8	90.9	29.3	19	43.1	25.4	90.1	21.3	9.4	31	15.4	88.5	8	6.2	13.9	15.4	86.5	28.7	4.6	45.2	10.1	90.5	36.4	6.7	49.5	8.4
37082	88.5	13.3	9.6	21.3	21.9	88.4	23.5	4.6	28.7	5.6	84.9	31.5	6.7	46.3	21.7	73.2	20.6	0.7	31	5	44.6	4	0.7	8	11.2	51.5	22.8	0.2	37.7	4.9	72.2	30.5	1.4	44	6.8
37083	87.2	15.1	4.3	24.2	7.3	88.4	26.5	3.9	32.6	3.2	87	34.4	5.2	49.1	12.2	81.6	22.5	1.8	33.2	5.9	48.3	3.5	0.7	6.5	16.2	36.7	12.9	0.1	23.2	18.9	44.8	16.5	0.5	26.3	7
37084	88.5	18.2	4.3	28.1	4.3	88.5	29.4	4.1	35.5	3.9	89.7	38.2	6.4	54	9	84.8	24.6	2.4	36.3	3.1	61.8	3.8	0.9	7.5	13.6	53.8	13.6	0.4	23.8	8.2	55.6	17.2	0.5	27.2	7.2
37085	88.8	21.7	7.2	32.9	13.5	88.7	32.5	4.6	38.5	5	90.9	42.2	10.5	58.8	15	88.8	28.4	4.3	41.1	3.2	72.4	4.9	1.5	9	17.1	72.4	14.7	1.6	26	16.9	69.5	18.2	1	28.8	7
37086	88.8	24.9	3.4	36	5.4	73.2	30.4	2.2	37.1	4	87.9	44.3	5	61	10.1	84.9	29.6	2.2	42.3	0.1	84	7.3	3.2	12.3	12.2	82.6	16.7	2.4	29	9.6	79.4	20.2	2	31.7	8.9
37087	85.7	26.5	2.9	38.6	6.8	27	9.4	0	14.1	2.9	35.1	18.2	0	29.8	9.8	64.6	27.4	0.8	40.8	2.9	87.8	10.6	3.8	17.6	5.5	84.5	18.7	2.5	32.7	4.5	86.4	22.8	3.9	35.4	7.9
37088	74.6	25.6	1.7	37.4	6.7	48.5	10.5	0.2	15.9	3.5	28.7	11.1	0	19.4	5.7	66.4	27.7	0.7	41.3	6.2	74.7	11.9	3.2	19.9	7.3	85.7	21.2	3.3	36.1	7.2	89.4	26.6	4.4	40.4	3.1
37089	52.5	20.6	0.8	32.5	12.3	10.5	4.6	0	7.6	2	25	5.2	0	9.3	17.3	49	25.2	0.3	38.8	4.5	84.4	15	4.6	24.1	7.9	87.6	24	3.9	40.7	5.1	88.9	29.5	4.6	44.3	3.9
37090	24.9	10.4	0	18	4.6	35.6	5.6	0.1	8.7	2.3	54.2	6.4	0.3	11.4	5.8	4.6	8.3	0	14	5.9	88.5	18.8	8	29.2	12.4	87.4	26.7	3.8	44.3	4.9	91.8	34.3	6.6	49.5	5.1
37091	54.8	12.6	0.3	21.3	3.9	53.8	5.6	0.3	8.9	7.8	66.2	7.2	1.2	12	9.5	8.9	6.8	0	11.9	2.9	91.9	22.9	8.6	34.3	14.6	86.7	28.6	3.8	47.2	6.8	90.8	37.4	7.4	54.2	8.2
37092	78.8	15.3	2.1	25.2	9.3	67.6	6.5	0.6	10.1	3	82.6	10.2	2.7	16.1	8.7	48.1	8.5	0.2	14.5	6.3	88.5	25.6	7.1	37.5	14.5	82.5	29.5	2.3	48.3	8.6	91.8	42.2	7.2	59.3	5.8
37093	74.5	12.7	2.3	20.1	10.7	74.9	7.7	0.8	12.3	2.1	82.5	10.9	3.4	17.1	10.9	47.2	5	0.2	8.5	5.1	88.6	27.7	4.6	40.2	12.5	84.6	31.5	3.1	51	8.5	89.4	45.1	5.8	62.1	6.7
37094	86.9	16.6	5.2	24.7	11.4	82	10.2	1.7	15.2	3.4	85.3	14	3	21.4	5.8	75.5	8.5	1.4	13.8	3.2	91.6	32.7	7.2	46.7	12.1	71	25.8	1	43.8	5.4	87.1	46.9	4	64.9	5.7
37095	51.5	10.3	0	16.6	15.3	86.2	12.9	5.6	18.8	15.9	89.5	18	15.6	26.4	26.2	79.8	10.1	1.8	16.2	4.9	91	37.5	9	52.8	15.6	82	27.8	2.5	46.9	9.9	85.9	49.9	4.9	67.5	8.8
37096	64.8	9.7	0.7	16.3	14.7	85.9	14.8	3.2	21.7	5.9	86.9	20	5.7	29.3	14.2	79.2	11	1.5	18.1	5.9	73.7	30.5	3.3	45.1	17.2	85.1	30	4	49.8	9.4	83.7	52.4	3.7	71.1	11.6
37097	74.3	11	1.1	18.5	6.2	85.8	17.1	3.5	24.3	7.8	86.4	21.9	4.1	31.3	9.3	78.8	12.2	1.7	19.6	9.1	80.5	32.2	2.5	46.6	11.2	85.1	31.8	3.6	52.6	8.5	84.7	54.3	3.1	73.4	6.4
37098	82.7	12.8	3.3	21.2	11.8	86	19.3	4.3	27.3	9.4	87.2	24.9	4.8	35.2	9.9	85.2	15.3	2.8	23.5	5.2	85.7	34.5	3.6	49.9	10.1	86.3	33.7	3.4	55.5	5.7	88.9	57.1	5.6	76.9	7.9
37099	65.9	12.5	0.7	21.1	6.1	78.5	19.8	1.7	28.1	6.7	86.9	27	7.3	37.7	18.8	86.5	17.2	4.4	26.5	9.6	87.9	37.6	4.5	52.9	6.2	86.3	35.7	3.1	58.4	3.1	88.5	60	5.2	80	4.4
37100	16.9	4.6	0	8.8	4.3	33.3	12	0	19.4	2.8	66.5	21.5	0.8	31.8	6.4	68.6	17.4	0.9	26.5	4.6	88.8	40.5	5.2	56.3	7.4	85.8	37.7	3.6	60.6	8.6	90.5	64.2	6.2	84.6	6.3
37101	54.3	6.6	0.4	11.8	8.2	63.1	13.7	0.9	21.9	10.2	76.2	22.6	1.8	33.9	11.9	79	19.4	1.7	29.5	6	89.7	44.4	5.8	60.6	9.1	73.2	35.7	0.9	58.8	4.4	90	67	5.8	88.2	7.4
37102	67.3	7.3	0.8	12.6	8.3	65.8	13.6	0.9	22	7.7	48.9	12.8	0.5	21.2	17.3	48	15	0.2	24.6	8.4	88.8	46.3	5.3	63.1	9.2	76.8	37.8	1.1	61	5	83.4	64.3	4.7	84.9	6.9
37103	81.8	10	1.3	16.4	2.9	15.1	5.9	0	10.8	10.3	12.1	5.5	0	8	22.4	31.3	10.3	0.3	17.7	12.5	88.8	49.4	8.3	66.7	16.1	83.8	39.9	3.1	64.3	10.9	88.8	68.3	5.7	89.3	6.2
37104	55.3	7.6	0.4	13	9.2	17.4	2.8	0	4.2	5.5	22.9	2.3	0	2.8	4.8	20.9	4.9	0	8.7	5.6	88.2	51.9	9.1	69.9	21.8	83	40.8	3.3	66.1	14.6	92.4	73.1	8.2	94.3	7.7
37105	70.6	8.3	1.1	14.8	9.4	50.2	4.8	0.2	7.6	2.4	58.8	4.3	0.6	5.9	6.8	57.5	6.9	0.4	11.7	4.6	88.4	54.4	5.3	73.4	14.6	82.7	42	3.6	68	13.3	80	75.8	1.3	97.4	4.2
37106	82.9	10.7	3.3	18	11.7	74.5	7.1	1.2	10.3	4.3	82	7.3	2.6	9.2	9.1	76.9	9	1.1	14.7	3.5	88.7	58.1	4.8	77	8.6	84.9	43.8	2.7	70	5.3	85.7	78.2	2.7	100.8	5.6
37107	86.7	13.1	5.3	21.9	13.1	81.8	9.4	2.5	13.3	5.9	89.3	11.4	6.6	13.4	10.5	87.1	12.2	3.6	19.3	4.1	86.4	57.8	4.6	77.5	12.2	86.4	45.9	3.8	73.1	7.7	91.2	82.2	6.9	104.7	6.2
37108	69.7	11.1	0.8	19	4.9	62.6	7.2	0.8	10.6	7.1	89.2	14.5	10.9	16.7	21.6	83.3	13.3	2.1	21.1	5.9	88.5	60	8.5	80.8	19.1	86.4	47.9	4.4	76.1	10.8	92.2	86.7	9.2	108.6	8.1
37109	85.3	13.9	4.5	23	12.1	83.3	10.2	2.7	15.2	9.3	88.6	16.6	6.6	19.9	12.4	82.9	14.8	2.8	23.7	7	79.6	43.8	3.1	63.5	13.2	80.4	48.9	2.1	77.3	12.8	91.4	90	10.4	112.8	10.8
37110	89.3	17.5	12.1	28.3	21.1	88.2	13.9	5.3	19.5	9.8	89.8	20.5	11.5	23.1	20.1	86	17.8	3.7	27.5	5.3	88.8	48.1	3.9	69	8.3	85.8	51.2	3.9	80.7	10.9	89.8	92.5	7.3	115.3	6.6
37111	63	11.9	0.6	20.9	10.1	57.2	10.1	0.6	13.5	5.1	46	11.7	0.1	16.2	15.9	83.7	18.9	2.3	29	3.8	87.9	50.6	5	72.1	10.1	86.2	53.8	4.2	84.2	8.4	87.3	96	6.1	118.7	11.6
37112	48.2	9.9	1.8	17.3	31.8	59.2	7.2	0.9	11.2	15.5	61.8	7.2	1.8	10.5	26.4	58	10.6	0.7	17.9	13	75.5	46	1.9	66.4	16.7	81.2	53	5.1	82.8	20.3	83.2	92.9	6.5	114.7	13.5
37113	62.2	7.5	0.7	14.1	12.2	77.7	9.2	1.8	13.2	12.8	80.2	9.2	4.5	12.5	24	73.6	11.8	1.1	19.5	7.6	81	61.5	5.1	86.9	14.5	82.9	54.3	2.9	85	11.6	79.7	90.3	4.5	109.6	7.9
37114	77	8.6	1.5	15.8	10.9	84.6	11.2	4.1	16.2	13.5	85.9	11.4	4.8	15.6	13.9	81.6	13.9	1.8	22.6	5.2	87.1	64.5	9.1	90.1	17.6	85.4	56.3	4	87.2	11.5	84.2	93	3.9	112.6	4.5
37115	53.9	4	0.9	8.4	21.7	51.3	7.1	0.7	9.8	7.1	56.3	5.9	0.8	8.2	17.9	57.3	9.3	0.5	16.1	8.7	57.2	57.1	1	82.3	12.1	86.1	58.4	6	90.4	16.8	87.5	95.7	4.9	115.7	6.3
37116	77.7	5.9	2.5	11.6	18.7	73.8	9	1.3	12.8	8.7	78	7.9	2	10.4	15.2	76.9	11.3	1.3	19.1	6.9	76.3	55.9	2.7	81.8	13	87.6	61.5	5.4	94.8	12.2	86.1	94.7	3.5	115.6	6.9
37117	68.6	5.7	1.8	11.2	13.2	78.9	9.8	2.1	14.4	13.7	85.7	10.1	5.1	13.4	15.7	84.6	13.5	2.6	22.6	4.7	88.1	59.9	7.4	86.3	13.7	87.3	63.5	4.8	96.8	9.7	89.9	97.7	5.6	119.5	4.6
37118	20	1	0	2	9.8	71.5	10	0.9	14.8	6.6	47	6.4	0.4	10	11.2	26.8	7.1	0	12.8	1.9	70.9	55	1.4	79.8	9.5	87.3	66	4.2	100.9	12.4	90.7	101.1	7.2	122.4	8
37119	57	2.6	0.3	5.8	3.2	65.2	9.7	0.5	14.6	2.1	40.3	3.7	0.1	5.2	14.4	6.4	2.5	0	4.8	6.8	18.7	29.6	0	49.3	10.9	26.3	37.8	0	63.4	4.4	88.9	103.4	5	125.1	5.7
37120	24.3	1	0	2	9.2	51.4	9	0.3	14.4	3.3	59.7	4.5	0.6	7	7.6	32.6	3.6	0	7	2.3	9.5	12.9	0	22.9	11.8	0.9	10.9	0	19.6	8.9	64.7	74	1.1	100.1	9.3
37121	27.8	1	0	1	5.4	36.9	5.6	0	9.7	8.9	74.2	5.5	1.3	8.3	9.8	39	2.1	0	4.2	5.2	55.8	15.5	0.6	27.7	8.9	33.8	12	0	21.6	5.5	58.5	60	0.6	86.7	7.7
37122	58.2	2	0.4	4	5.1	65.8	7.6	0.4	12.8	2.4	83.9	8.5	3.1	12	5.9	72.6	4.9	1.1	8.8	7.1	79	17.4	2	30.7	11.7	60.8	12.9	0.6	23.5	8.6	71.7	60.8	0.9	87.8	5
37123	80.5	4	2.6	7.2	13.6	79.8	9.7	1.4	15.6	4.8	87	11.3	4.7	15.2	9.4	81.9	7	2	12.1	3.1	86.3	20.4	4.3	34.7	8.5	76.3	14	1.4	24.7	10.9	55.7	55.5	0.7	80.4	5.2
37124	83.5	5.2	4.6	10.2	16.7	83	10.9	2.1	17.8	5	87.2	13.4	5.6	17.4	12.4	84.5	9	2.4	15.1	3.5	88.7	23.2	6.1	39.4	9	86.3	16.6	3.7	29	7.1	35.4	22.5	0.1	35.5	5
37125	67.8	4	1.4	7.4	20.1	60.4	9.2	1.2	15.1	2.2	84.7	14.6	3.8	19.4	10.1	85.9	10.8	3.1	18	5.1	90.8	25.3	5.5	42.7	12.2	85.6	18.4	4	31.7	10.9	74.9	25.9	1.4	39.4	8.1
37126	79.8	6	1.3	11	3.4	78.5	11.6	2.3	17.6	5.7	87.1	16.8	4.1	21.7	6.6	84.8	11.8	3.3	19.6	9.7	49.5	15.5	0.5	28.2	13.2	37.2	11.3	0.3	20.7	7.1	72.2	26.3	0.8	40.7	3.9
37127	84.5	7.4	4	14	13.6	84.1	13.6	3.2	20.5	7.3	87.3	18.8	5.9	24.5	13.8	84.5	12.8	2.8	20.9	7.1	70.6	17.5	1	31.1	7.5	60.9	13.1	0.7	23.4	2.9	81.1	28.7	1.8	43.4	4.7
37128	62.8	5	1.4	9	24.2	86.5	15.9	3.9	23.5	7.2	85.8	20	4	26	10.3	82.7	13.7	1.9	22.6	4.5	81.1	19.3	5.1	33.7	23	73.9	14.1	1.6	25.4	12.8	87.7	31.7	4.3	47.8	6.4
37129	75.4	5.2	0.9	10.2	3.2	88.2	18.9	5.2	27.6	5.8	89.5	23.1	6.8	30	10.5	88.2	16.8	4.5	26.7	5.3	90	23.2	4.8	40.1	4.9	37.4	8.1	0	15	5.3	68.6	30.8	2.3	46.1	6
37130	82.9	6.7	4.7	13	21	85.9	20.1	4.1	28.4	5.3	69.3	14.5	2.2	21.3	22.8	74.5	14.5	2.2	23.9	10.5	87.3	24.7	6.2	43	12.8	66.1	9.1	0.8	16.8	11.6	67.5	25.2	0.9	39.3	7.5
37131	84	8.1	2	14.9	2.7	87.3	22.1	3.8	31.2	4.5	79.2	16.7	1.5	23.5	3	80.2	15.6	1.5	25.6	3.3	56.6	17.1	0.8	31.3	9.9	78.5	10.9	1.3	20.1	6.6	66.6	22.7	0.7	37.4	6.6
37132	42.3	5.5	0.3	9.9	8.3	87.8	24.5	5.4	33.7	8.9	86.8	19.6	8	27.3	21.3	85.3	17.8	3.4	29.1	9.1	75.6	19.1	1.9	33.5	11.2	83.2	12.7	2.3	22.6	7.1	76.9	24.4	1.2	39.4	4.3
37133	24	3.2	0	6.3	20.2	64.6	18.8	1.6	27.9	14.8	52	10.4	1	14.3	31.1	32.7	8.7	0	15.3	7.6	65.6	16.7	1.5	30.1	20.1	57.7	10	0.9	18.8	16.8	85	27.1	4.2	42.4	10.8
37134	52.2	4.4	0.3	8.5	8.4	75	20.1	1.9	29.4	7.9	64.5	10.9	0.9	15.4	11.6	28.8	5.2	0.1	9.1	6	34.6	10.3	0.1	18.9	13.7	34.9	6.6	0.1	12.9	13.3	38.6	9.8	0	17.2	5.7
37135	75.4	6.4	1.4	11.8	9.1	78.8	20.8	1.9	30.2	7.8	77.6	11.9	1.9	16.5	13.8	51.9	7	0.2	12.6	1.2	66	11.2	1	21	13	56.4	7.5	0.6	13.5	7.5	59.3	10.2	0.5	18.2	5.3
37136	81.6	7.6	1.9	13.8	8.3	83	22.1	3.7	32.1	16.6	69.4	10	1.5	14.7	18.1	54	6.9	0.3	12.6	3.9	59.1	11	0.9	20.6	18.9	65	7.7	1.1	14	11.9	76.3	11.8	1.2	20.8	5
37137	69.6	6.3	1	12	10.7	84.7	23.5	4.1	33.7	11.2	81.8	11.8	3.7	17.3	17.2	66.2	7.1	0.8	13.1	8.6	66.7	8.3	1.9	14.9	18.4	41.6	3.4	0	6.9	14.5	84.5	13.7	3.3	23.6	10.1
37138	77.8	7.1	1.2	13.3	9.8	87.7	25.8	4	36.3	5.8	85.2	13.8	3.9	19.5	11.7	74.5	8	0.9	14.3	5	54.5	7.1	0.3	13.6	5.9	53.8	3.4	0.3	6.8	4.9	43	9	0.2	16.1	6.6
37139	84.8	9.1	3.2	16.1	8.6	83.2	26.4	2.5	37.7	8.1	81.1	13.9	1.8	19.7	4.8	82.5	10	1.8	17.9	3.6	79.9	8.6	2.7	15.6	16.8	72	4.4	1	8.7	9.4	66.1	10.7	0.6	19.5	3.6
37140	85	10	4.2	17.8	12.3	83.5	27.7	2.5	38.9	5.6	85.2	16	5.2	22.7	17.3	85.1	11.9	3.1	20.9	7.5	85.2	10.1	7.9	18.9	20.5	81.4	6.3	2.4	11.6	11.1	81.1	12.5	2.2	22.1	5.4
37141	34.3	4.9	0	9.3	12	20.3	12.6	0	20.8	14.4	30.1	7.4	0	11.9	11.5	34.9	7.2	0.1	13	11.1	33.9	6.1	0.6	11.7	14.4	69.6	5.3	1.1	9.9	9.8	88.6	16.3	5.5	27.3	9.4
37142	10.3	2.6	0	4.9	9.7	5.5	4.1	0	7.6	1	22.1	4.2	0	7.3	7.4	11.9	4	0	7.8	10	48.5	5.2	1.3	9.8	17.6	70.1	6.2	1.6	11.6	12.6	81.2	17	4.3	28	7.3
37143	28.3	2.4	0	5.3	6.8	30.5	4.9	0	8.6	2.2	29.8	4	0	7	3.2	7.5	2.4	0	4.7	2	27.9	3.4	0.3	6.2	12.3	50.9	4.2	0.3	8.5	6.5	83.1	18.1	2.6	30.2	5.7
37144	50.8	3.4	0.3	6.2	9.1	35.6	5.2	0	9.1	2.5	48.9	4.9	0.1	8.1	5.1	23.2	2.3	0	4.5	6.6	6.1	1.6	0	3.1	11.2	21.7	1.9	0	3.9	12.7	47.8	10.6	0.4	18.5	9
37145	45.6	2.3	0.2	5.1	4	51.2	6.5	0.2	10.6	0.3	66.5	5.9	0.8	10.2	6.1	48	3	0.2	5.8	4.4	17.6	1.8	0.1	3.3	9.4	53.3	2.9	0.4	5.7	9.1	62.3	11.3	0.7	19.7	6.8
37146	33.2	1.1	0.2	2.2	7.9	64.6	7.6	0.5	12.7	3.2	73.6	6.7	1.4	10.8	13	48.8	2.3	0.2	4.4	6.6	9.2	0.8	0	1.5	5.7	7.9	0.9	0	1.8	3.8	62.3	11.7	0.7	20.5	5
37147	54.8	2.1	0.5	4.2	3.5	61.2	7.2	0.5	12.4	1.5	68.3	7.3	0.7	12.2	4.7	52.9	1.9	0.3	3.5	4.3	35.3	1.5	0	1.9	14.5	36.3	1.7	0	3.4	9.1	34.4	5.6	0	9.9	6.2
37148	73.6	3	1.6	6.4	9.6	71.9	8.2	1	13.5	5.1	77	8.3	1.2	13.3	5.8	67.1	2.9	0.7	5.5	3.8	69.6	2.4	1.7	4.8	14.7	64.1	2.7	0.8	5.4	6.9	60.5	6.6	0.6	11.9	7.2
37149	83	4.5	4.2	8.3	17	77.3	5.8	1.9	9.4	5.9	78.7	9.3	1.2	15.2	1.9	76.9	3.8	1.5	7.4	9.8	81.3	3.7	3.3	7.1	19.1	73.3	3.7	1.1	6.4	9.3	77.4	8.2	1.4	14.5	8.1
37150	83	5.6	3.3	10.1	9.6	78.6	6	1.7	10.2	5.9	79.2	9.4	1.5	15.3	6	81.6	5	1.8	9.6	5.3	84.3	5.3	5.1	9.7	16.1	79.7	4.7	1.8	8.4	9.4	83.2	10.1	2.7	17.3	7.2
37151	84.8	6.8	3.5	12.2	11.7	78	6.1	1.1	10.3	3.8	80.2	10.3	1.6	16.4	5.2	76.4	5	1.3	9.6	8.3	79.9	5.4	2.4	10.4	10.9	78.8	4.7	1.6	8.4	7.1	84.6	11.1	3.3	19.7	7.5
37152	84.7	8	3.1	13.4	8.6	76.6	6.5	0.7	11.4	1.5	78.4	10.4	1.2	16.5	4.8	78.6	6.1	1.3	11	4.4	84.1	6.3	2.2	11.7	6.8	54.3	4.3	0.2	7.5	1.3	81.1	11.8	1.5	20	2
37153	85.1	9.1	2.5	16.1	3.2	76.4	6.5	0.8	11	1.5	79.5	10.6	1.2	17.6	2.9	78.1	6.8	1.4	12.5	5.2	77.8	6.6	1.6	12.3	7.9	59.6	4.3	0.5	7.6	2.6	83.1	12.7	3.1	21.5	10.1
37154	83.4	9.5	3.3	17	11.2	81.8	7.5	2	12.8	6.9	82.8	11.7	2.4	18.9	9.3	79.2	7.8	2	14.2	12.7	32.5	3.8	0.4	7.5	14.7	6.5	1.7	0	3.2	7.1	32.5	6.4	0	11.3	6.3
37155	76.9	9.6	1.6	17	5.2	78.5	7.3	1.6	13	9.7	83.6	12.7	2.4	20	6.1	80.2	8.7	1.4	16.1	3.5	5.4	1.3	0	2.7	7.8	1.8	0.2	0	0.1	5	49.1	6.5	0.6	11.5	9
37156	64.7	8.9	1.1	16	11	77.3	8.2	1.2	14.1	6.2	73.5	13.3	1.4	21.2	11.7	82.3	9.7	1.9	17.1	6	21.3	0.7	0	1.5	9.1	17.7	0.3	0	0.5	7.6	36.6	4	0.1	7.5	4.8
37157	71.6	9.1	1.4	16.3	9.9	58.9	6.7	0.5	11.4	5.7	60.6	12.2	0.9	19.5	14.5	79.3	9.8	2	17.7	9.7	30.9	0.6	0	2.1	13.5	7.7	0.2	0	0.4	9.8	57.4	5	0.5	9.9	4
37158	79.4	10	2	17.2	9.3	69.1	7.7	0.8	13	1.7	73.1	13.3	1.1	20.8	7.2	80.9	10.8	1.7	19.3	5.3	51.6	1.5	0.6	2.3	18.5	2.4	0	0	0	17	25.6	2.7	0	5.5	5.6
37159	83.1	10.5	2.1	17.9	5	80.4	9.2	1.7	15.6	5.9	81.5	14.3	2	22.8	6.6	83.9	11.8	2.4	21.3	5.8	70.9	1.9	1.7	3.7	16	25.5	0	0	0	18.9	14.1	1.3	0	2.6	5.6
37160	85.5	13	3.5	22	8.1	86.6	11.4	3.6	18.6	6.6	85.1	16.1	4	24.7	12.1	83.9	12.8	2.9	22.3	8.4	23.5	0.4	0.8	1	12.7	3.9	0.1	0	0.1	9.2	37.7	2.1	0.1	3.5	8.1
37161	86.4	14.1	3.8	24.1	8.4	89.8	13.5	3.4	21.3	2.5	85.3	17.2	3.1	26	7	79.8	12.9	1.7	22.4	8.5	21.9	0.4	0.2	0.9	15.6	4.6	0.1	0	0.1	18.4	52.5	2.9	0.4	4.9	4.8
37162	86.4	15	3.4	25.2	5.1	89.9	14.8	3.9	23.6	4.3	83.2	17.3	2.4	27	6.2	80.8	13.6	1.6	23.8	4.4	46.1	1.3	0.2	2.8	6.7	17	0	0	0	8.1	59.7	3	0.6	6	6.4
37163	86.4	16.8	4.5	27.5	12.4	89.9	16.7	4	25.9	6	84	18.4	4	28.1	15.1	84	15.4	2.4	26.5	5.7	72.1	2.3	2	5.5	11.8	51.1	2	0.2	3	3.4	78.3	5	1.9	9.8	6.4
37164	75.1	16.3	1.8	26.6	8.1	89.7	17.7	4.4	27.5	6.6	80.1	19	2	28.6	6.8	79.9	15.3	1.6	26.5	5.4	80.6	4.1	4.7	7.3	18.9	70.8	3	1.3	4.2	12.6	83.8	6.8	2.9	12.6	4.7
