35545	85.5	8	1.3	8	2	87.4	8.8	4.8	8.8	9.8	88.3	8	5.4	8	9.4	85.7	8	2.7	8	5.4	83.5	8	1.3	8	2	83.3	8	1.6	8	3.1	89.3	12.4	5.8	12.5	9.3
35546	71	7	1.1	7	2	85.5	9.3	5.1	9.3	9.4	89	10.9	4.3	10.9	2.7	84	7	1.1	7	2	86.1	7	1.1	7	2	88.7	7	4.6	7	3.9	90.4	15.5	6.9	15.2	9.5
35547	73.5	7	0.5	7	2	70.4	8.9	0.5	9.3	3.1	62.1	8.4	0.8	8.4	4.6	59.1	7	0.5	7	5.2	71.8	7	4	7	6.4	80.8	7	4.9	7.4	6.7	91.1	18.9	7.9	18.6	11
35548	83.2	7	0	7	5	83.8	11.5	4.5	11.5	15.9	78.5	10.4	2.3	10.4	14.7	75.9	7	0	7	5	89.4	7.4	5.8	7	5	89.4	12.1	7.2	11.9	9.8	30	9.3	0.2	9.4	8.2
35549	43	8	0.1	9	6	60.7	8.6	1	9	13.7	68.8	9.2	2	10.2	23.7	64.4	8	0.1	9	6	89.3	9.8	8	10	6	89.3	14.3	8.7	14.4	12.9	67	11.6	1	11.7	9.1
35550	56.6	8	0.4	9	1	71.6	9.2	1.6	9.8	14.6	73.8	9.2	1.1	10.3	9.1	57.2	8	0.4	9	6.3	59.1	8.6	0.4	9	2.3	66.7	13.4	0.4	13.9	2.8	80	14.2	1.7	13.8	6.1
35551	84.1	4.7	2.9	5	2.3	85.4	8.7	3.2	8.7	6.7	81.5	10.3	2.3	11.3	10	86.8	7.1	4.4	7.2	9.1	25.1	3.2	0.5	3	22.3	14.1	5.4	0	4.1	23.7	58.8	6.8	1.3	6.9	14.9
35552	87.2	6.8	4.4	7	7.2	87.2	10.2	4.5	11	7.4	86.1	12.2	3.9	13.2	9.1	88.9	8.9	4.7	9	4.7	54.8	4	0.9	4	10.6	45.6	5.8	0.1	5.5	6.9	63.3	7.7	0.9	7.7	6.8
35553	88.2	7	1.7	7	5.9	88.6	11.5	6.8	12.3	12.6	87.5	14.1	8.4	15.1	20.4	91	11.7	21.3	11.7	26.6	91.3	8.6	4.5	8.8	5	91.3	8.5	5.5	8.4	13.6	21.7	3.9	0	3.8	31.9
35554	90.9	10	7.2	10.1	7.6	87.4	13.2	5.8	14	11.8	89	17	9.5	18	18.6	90.9	14.6	6.8	14.6	7.2	90.3	9.1	4.9	9.4	6	92.4	11.3	10.2	11.3	14.4	31.9	2.7	0.1	2.5	10.3
35555	51.8	3	0.4	2.4	13.4	50.8	7.4	0.3	7.7	12.8	54.1	10.7	0.6	13.6	16.7	61.3	11.8	1	12	13.6	23	3.9	0	5.1	4	63	7.1	0.9	7.9	5	68.1	5.5	0.9	5.3	9.8
35556	76.5	4.8	1.6	4.5	13.3	70.6	9	1	8.9	7.4	76	12.6	1.9	15.5	15	77.5	12.8	2	13.4	13.3	27.5	1	0	1.4	15.5	46.2	4.6	0.3	6	15.1	38	2.9	0.1	3.1	14.3
35557	79.7	5.9	3.4	5.5	16.8	83.9	11.3	3.3	11.2	11.9	88.7	16.5	9.7	18.5	19.6	87.2	16.4	5.2	16.9	11	66.6	3.3	1.1	3.5	13	71	6	1.2	7.5	10.7	63	4.2	0.8	4.4	9.9
35558	14.6	2.4	0	2	16.4	19.8	4.7	0	4.3	17.7	31.7	8.4	0	11.2	18.7	28.5	8.8	0	10.3	4.6	78	5.3	2.1	5.8	17.4	77.1	7	1.3	8.1	9.6	81.3	7.1	2.4	7.1	10.2
35559	29.2	0.9	0	0.6	6.5	45.2	5.8	0.2	5.7	5.7	33.9	4.7	0	6.6	10.5	22.3	5.1	0	7.2	10.1	28.9	2.9	0.1	3.6	23.7	37.2	4.3	0.1	6.4	5.3	31.3	4.6	0.2	4.5	4.8
35560	61.6	3	0.4	2.7	7.8	78.7	9.1	2.4	9	14	66.4	6.9	0.9	9.6	10.2	50.8	6.6	0.2	8.8	3.4	52.4	4.2	0.9	4.8	17.4	65.1	5.5	1.5	7.7	20.5	31.4	2.8	0.1	3.1	9.6
35561	31.8	3	0.5	3	19.5	49.8	6	0.7	5.9	20.6	67.6	6.7	1.2	9.4	16.1	14.9	3.1	0	5.1	0	74.5	7.1	1.7	7.8	6.1	80.7	8.1	2	10.4	9.1	69.1	6	1.2	6.3	13.3
35562	9.2	1	0	1	4.4	62.6	6	1.1	5.9	17	70.7	6.7	1.3	9.5	14.4	14.6	1.5	0	2.3	16.5	56.8	5.4	1.4	5.4	23	26.1	3.9	0	6.1	5.3	35.1	3.3	0	4.2	8.4
35563	19.4	0	0	0	6	74	7.1	1	7.8	5.6	72.5	7.4	0.7	10.2	0.3	34.1	2	0	3.2	3.5	56.7	5.3	0.4	6.2	8.8	12.6	1.9	0	3.1	6.3	40.9	3.1	0.2	4	4.3
35564	32.2	0	0	0	7.6	81.5	8	1.7	8.7	9.1	73.2	8.4	1	11.3	7.1	54.5	2.4	0.4	3.4	7.1	54.5	6.7	0.3	7.4	2	30.5	1.8	0	3	10	52.4	3.7	0.6	4.3	3.9
35565	57.9	0	0	0	6.8	81.2	8.6	1.9	9.5	6.5	79.1	9.4	1.7	13.1	6.7	70.2	3.6	1	5.3	8.7	58.7	6.3	0.7	8	15.6	30.4	2	0	3.1	21.3	19.7	2.1	0	2.2	6
35566	72.4	0	0	0.3	1	85.8	10.8	3.5	11.4	9.4	82.2	10.4	1.9	14	5.4	81.8	5.8	2.2	7	7.1	70.3	6.7	1	8.6	10	49.6	2	0.3	3.9	10.2	12.8	0.6	0	0.7	3.9
35567	85.5	3.8	3.1	4.7	7.9	86.8	12.3	3.4	13	4.7	83.6	11.4	1.8	15.2	0.7	86.9	7.8	3.4	9.1	6	77.8	7.9	1.7	9.6	12.8	70.1	3	1.8	5.2	20.6	45.3	1.3	0.2	2	12.2
35568	85.8	6.5	4.8	7	16.9	86.6	14.3	4.2	15.6	8	82.6	12.4	1.8	16.2	1.7	55.3	5	0.4	6.2	5.6	83	9.4	2.6	11.1	7.8	79.2	4	1.9	7	11.4	69.4	3.4	1	4.4	9.4
35569	80	6.3	2.3	7.6	10.3	81.2	14.8	2.4	16.4	7.7	47.5	7.9	0.4	11.8	11.8	58.9	5	0.5	6.5	4.8	56.9	8.1	0.6	10.6	10.2	13.6	0.9	0	2	8.4	72.4	4	1	5	6.7
35570	79.1	6.6	2.2	7.7	14.5	72.4	14.9	1.2	16.9	10.7	53.7	7.7	0.5	11.5	12.4	52.5	4.2	0.3	6.3	8.9	23.5	4	0	5.6	16	21.2	0	0	0.1	18.3	76.7	5	1.9	5.9	11.7
35571	82.7	7.4	2.5	8.5	8	81.5	17	1.8	19	5.2	66.4	8.7	0.7	13.5	5.7	62.4	4.6	0.6	6.9	5.6	31.1	3.5	0	5.1	18.1	35.2	0.2	0	0.5	22.3	57.2	3.8	0.5	5.8	8.4
35572	84.4	8.3	3.1	9.9	9.4	72	16.3	1.7	18.5	9.4	74.7	9.7	1	14.4	3.7	68.7	4.9	0.7	7.2	4	54.3	4.6	0.5	7	12.3	59.2	1.8	0.9	3	18.5	63.2	4	0.9	6	12.8
35573	60.1	7.6	0.7	9.3	7.7	42.9	11.4	0.1	15.4	11.1	26.6	4.9	0	7.9	5.1	38.4	2.6	0	4	4.5	70.7	5.7	1	8.3	7.4	77.4	3.8	1.8	5.9	13	74.6	5.3	1.3	7.2	5.3
35574	70.5	8.5	1.1	10.2	9.3	63.9	12.7	0.7	16.7	6.2	38.2	5.6	0	9.3	0.5	50.6	2.9	0.3	5	8.2	47.7	4	0.2	6.4	11.9	73.5	4.8	1.1	7.1	4.7	84.5	8.2	3.8	10.8	13.2
35575	81.2	10.6	3.2	12.3	12.9	76.3	14.7	1.2	19	5.5	63.2	7.5	0.8	12	8.6	71.4	4.6	1.2	7	11.3	61.9	4.1	1	6.6	13.1	78.5	5.7	2.4	8.8	16.4	67.4	7.7	0.7	10.7	6.8
35576	88.9	13.9	4.5	15.4	4	86.6	17.7	3.6	21.9	6.2	82.9	10.5	2.9	15.3	10.9	82.3	6.6	2.6	9.7	10.6	79.5	6.2	2.5	9	12.6	84.4	7.7	4.1	10.8	14.9	79	9.5	1.5	12.5	8.8
35577	90.9	17.8	6.4	19.3	4.7	90.6	21.8	5.9	25.6	4.7	89.7	14.6	6.1	20.3	7.7	88.2	10.2	4.4	14.3	5.4	86.3	9.2	3.5	12.6	6.2	87.4	10.9	4.5	14.1	8.5	82.7	11.1	2.3	14.8	5.2
35578	91.2	16.4	8.8	15.6	10.7	92.6	26.6	7.8	29.7	4.5	91.8	18.6	8.2	24.1	7.4	89.8	14	6.9	18.1	9	89.7	13.2	4.9	16.8	3.2	89.9	14.8	7.2	18	10.1	90	15.3	7	18.6	10.2
35579	92.1	19.9	6.7	19.4	2.7	92.7	31.7	8.8	33.8	6.5	92.1	23.1	8.1	28.6	6.9	90.2	17.9	6.3	21.2	6.8	90.1	17.3	5.4	20.8	2.3	90.3	18.5	10.7	21.7	17.4	90	18.5	8.7	21.7	14.7
35580	90.9	23	6.2	22.6	3.3	93.6	37	8.7	38	3.9	92.8	28	9.6	32.6	8	91.2	22.3	6.8	25.6	5.1	89.5	19.2	3.4	23.5	3.8	34.9	11.4	0	15.7	3.8	39.8	12.8	0	17.3	4.2
35581	90.4	26.8	8.9	26.6	10.3	93.6	42	9.1	42	4.7	92.8	32.1	11.1	36.7	11	88	24.4	4.7	27.9	7.4	78.4	18.8	2.6	23	5.4	58	11.2	0.5	16.2	8.2	49.9	11.2	0.2	15.9	2.9
35582	86.4	29.1	8.1	29.1	14.2	90.8	45.4	6.1	45.1	5.1	92.8	37.1	13.6	40.8	15.1	91.3	29.9	7	32.3	6.5	84.1	21.7	3.4	26.2	7.7	79.5	14.3	1.4	19.5	6	77.4	14.2	1.3	19.8	6.8
35583	34	17.3	0	20.1	3.1	72.4	37.3	0.3	41.6	5.4	90.8	41.2	8.1	44.2	8.1	90.8	34.1	7.8	36.5	9.7	83	24.1	2.6	28.9	6.6	89.2	18.5	6.8	23.5	11.4	87.9	18.2	6.1	23.8	13.3
35584	37.3	11.4	0.3	15.2	11.3	54.4	21.8	0.3	29	8	92.4	46.2	7.5	49.1	5.4	89.3	37.5	4.3	39.9	1.9	91	29	6.7	33.1	6.1	93.1	24.2	9.2	29.2	6.1	91.1	22.4	6.4	27.9	4.2
35585	48.3	10.1	0.5	14.1	4.6	44.4	13.3	0.1	20.3	1.8	87.6	48.5	3.9	51.4	4.7	70.9	38.1	0.9	40.8	3.4	91.7	33.9	6.5	37.4	4.9	92.1	28.4	7.2	33.3	4.4	91.7	26.6	7.4	31.8	5.9
35586	57.9	10.7	0.6	14.9	10.6	59.8	14.6	0.4	21.8	3.5	73.6	45.3	2.2	49.5	6.8	81.2	40.3	2.2	43.2	9.3	88.8	36.7	7.5	40.7	10.4	85	28.6	5.1	34.2	14.7	91	30.3	6.4	35.5	6.1
35587	79.6	13.8	5.8	19	19.7	82	18.6	2.2	26.6	6.6	78.7	44	1.7	50.5	7.1	78.2	38.4	2.5	41.9	5.7	63.4	32.4	1.3	37.1	3.8	87.7	31.6	5.7	37.1	12	76.4	23.6	3	29.6	7.8
35588	86	16.9	5.4	22.5	11.8	87.2	21.7	3.8	30	5.8	85.7	46.5	3.3	53.1	10.2	82.4	40.7	2	45.2	3.7	61.1	23.6	0.1	30	3.7	89.1	35.5	5.2	41	6.4	79.5	23.5	2.1	30.6	9.9
35589	87.7	19.9	6.6	25.4	14.4	88	24.9	4.8	33.9	8	89.5	50.6	6.1	57	10	88.7	44.8	4.7	49.2	5.8	84.6	28.2	2.7	34.9	5	86.8	36.9	4.3	43	4	75.3	22.5	0.7	30.3	3.2
35590	90.5	24.6	12.5	30.1	20.3	89.8	29.1	7	38.1	10.8	91.6	55.5	9.4	61.2	11.5	89.8	49	6	52.4	7	89.3	32.4	6.4	39.3	9.6	89.8	41.9	6.8	47	9.1	70.7	18.7	0.9	26	1.5
35591	90.1	29	11.7	34.4	17.4	90.9	34	5.8	43.1	4	91.4	60.3	11.1	65.2	14.5	91	53.7	8.5	57.1	9.8	90	36.7	9.6	43.5	16.7	90.3	46	11	51	17.3	85.9	23.2	4.8	31.1	10.3
35592	89.8	33.4	9.4	38.2	12.8	91.4	38.9	7.4	48	7	91.4	65	6.9	69.9	5.5	90.3	57.6	5.1	60.8	2.2	88.2	39.1	4.3	46.9	4.9	90.2	50	8.2	55.2	12.2	88.5	26.9	4.5	35.3	5.9
35593	81.1	34	4.7	39.8	22.4	91.7	44.1	8.2	52.5	8	91.8	70.1	8.4	74.1	9	90.3	61.2	5.6	64.3	5.9	24.8	19.8	0.1	28.7	3	77.5	41.4	2.4	49.5	13.5	87.9	29.6	8	38	13.9
35594	87.3	36.8	5.5	42.6	10.6	87.4	45.9	4.3	54.9	7	89.6	72.9	5.8	76.9	7.7	69	55.1	1.4	62.1	6.5	53.7	18.7	0.3	27.7	16.2	46.9	27.4	0.3	37.3	3.4	87.8	32.6	4	41.2	4.8
35595	88.7	40.2	5.9	45.4	9.1	90.3	50.1	7.3	58.9	9.7	90.8	76.8	6.9	80.2	7.3	85.3	58.9	3.1	65.1	5.8	76.5	21.4	1.2	31.2	12	71.4	29.3	1.3	40.1	12.4	87.2	34.5	5	43.8	10.6
35596	26.6	19.8	0	27	7.3	84.8	52.4	4	61.2	7.7	70.9	65.2	1	74.7	8.5	69.1	55.7	1	63.8	5.4	82.8	23.4	4.9	33.4	18.3	83.6	32	3.9	43	16	87.4	37.3	6.8	46.4	14.2
35597	49.5	19	0.2	26.5	13.5	63.4	36.4	1.3	47.5	8.9	60.5	41.8	0.8	55.7	14.3	47	33.4	0.1	45.6	4.4	20.6	9.5	0	16.5	12.8	34.8	20.5	0	31.4	4.6	80.6	38.6	4.1	47.8	10.7
35598	72.3	21.4	0.9	29.8	6.7	46.3	30.6	0.2	42.6	4	65.5	42.7	0.5	57.6	1.4	72.7	36.5	0.9	48.7	4.6	57.1	10.6	0.6	18.5	11.6	57	19.7	0.4	30.6	5.9	51.6	19.8	0.3	29.3	7.5
35599	83.8	24.2	2.4	32.5	6.2	66.1	28.4	0.6	40.8	3.5	64.8	33.6	0.6	48.3	5.9	81.9	38.8	1.9	52	4.6	58.1	9.3	0.3	16.7	8.4	64.4	20.8	0.6	31.7	3.2	44.7	18.2	0.1	27.7	4.4
35600	86.3	27.3	4.5	36.1	9.5	79.6	30.8	2	43.6	10.2	83.1	37.3	2.6	52.3	7.3	86.4	42.2	3.6	55.2	5.8	76.3	11.3	0.9	19.5	6.6	78.3	22.9	1.1	34.7	3.5	64.3	18.8	0.6	28.9	7
35601	50.4	14.5	0	22.5	16.7	65	19.7	0.7	31.3	7.9	67.4	27.9	1.1	41.9	11.9	55.3	33.5	0.4	47.6	4.2	85.1	13.3	2.8	22.7	11.5	79.5	23.9	1.9	35.7	10.6	64	18.6	0.6	28.4	6.9
35602	55.6	15.3	1	24	15.5	73.4	21.8	0.8	33.5	3.9	83.8	31.6	3.7	46.6	13.2	75.7	35.9	1.1	50	5.2	68.5	11.1	1.1	19.4	5.9	76.8	24.3	1.2	37	6.7	57	17.8	0.5	27.5	7.8
35603	74	18.9	1.6	28.1	4.9	79.4	22.8	1.8	34.7	2.7	89.7	35.7	8.7	51.6	14.1	75.1	36.5	1.2	51.5	6.6	57.5	9.5	1.4	15.9	12.2	82.5	26.2	4.2	39.5	14.7	58.4	10.5	0.6	17.9	11.2
35604	85.3	22.4	3.2	32.5	8.6	75.7	22.9	1.7	35.3	3	62.9	32.1	0.6	47.8	1.3	61.3	34.4	0.6	49.4	8.5	73.6	12	0.9	20.2	3.9	76.2	27.6	1.2	40.7	4.6	62.7	9	0.8	15.4	9
35605	83	24	2.4	34.5	3.2	76.2	24.5	1.6	37.4	3.7	19.5	12.5	0	21.7	2.4	24.5	18.9	0.2	30.8	6.7	72.2	11.1	1.3	19.3	12.3	20.2	13.5	0	22.5	7.3	21.4	4.7	0	9.3	6.3
35606	28	8	0	13.5	11.5	53.6	19.9	0.5	32.3	6.3	59.8	12.4	1	22.1	16.6	51.1	12.4	0.4	20.8	7.4	27.4	4.9	0	9.1	19.5	28.7	8.6	0	15.5	16	57	6.4	0.9	11.8	17.8
35607	72.4	11	2	17.9	22	73.2	20.7	0.7	33.5	7.2	80	15.1	2.5	25.6	13.4	70.6	13.8	0.9	23.6	7.2	44.4	4.8	0.2	8.4	8	60	10	0.9	17.3	14.6	80.8	9.5	2.6	16.9	14.4
35608	87.5	15.3	15.3	23	27.7	86.6	25.1	4	39	6.9	90	20	11.8	32.6	18.8	87.4	18.3	4.9	29.9	9.8	77.2	8.1	2.2	13.6	13.9	83.2	13.9	3.9	24	16.2	86.6	12.5	3.3	21.2	5.9
35609	88.7	18.8	7.7	27.4	15.1	87.3	28.1	4.6	42.6	2.9	62.3	14.1	0.3	24.3	1.6	81.4	20.6	2.6	33	3.3	83.1	10.2	2.7	16.7	9.5	86	16.9	4.8	28	12.4	88.5	16.5	5.3	27.2	9.3
35610	85.6	22.3	7.5	31.8	12.5	89.8	32.2	6.1	48	6.6	83.8	18.3	2.4	30.6	5.1	83.3	23.3	3	36.9	5.6	30.4	6.1	0.3	10.7	3.5	86.7	19.7	5.2	31.8	13	88.6	20.4	7	32.1	13.8
35611	86.9	25.8	6.8	36.3	9.6	88.9	35.4	5.6	51.9	8.7	90.5	23.4	6.4	37.5	7.2	80.7	24.3	3	38.1	5.8	59.3	8.6	0.8	14.4	4	87.2	22.8	3.7	35.9	6.2	87.8	23.3	4.6	36	8.1
35612	59.4	22.8	0.6	32.7	10.7	87	38.5	4.3	56.3	8	90.4	27.2	5.6	42.4	5	80.1	24.3	2.3	38.2	8.8	39	6	0.3	10.2	9.8	53.9	18.2	0.6	29.7	7.5	76.5	22.8	3.3	34.9	5.5
35613	18.3	9.2	0	14.9	11.9	18.5	12.7	0	20.8	7.4	42.5	10.7	0.2	18.5	7.8	35.5	14.9	0.2	25.4	11.4	58.9	7.1	1	12.6	12.9	42	16.2	0.1	26.7	6.2	74.8	23.3	1.3	35.2	1.4
35614	60.5	8	0.9	13.4	16.3	15.6	6.2	0	11	6.6	37.7	5.8	0.1	10.7	9.2	36.9	7.5	0	13.2	7.3	8.2	2.7	0	4.1	12	6.6	7.2	0	13.4	1.6	59.1	22.4	0.5	34.6	3.8
35615	84.1	11.2	4.1	17.5	19.9	65.1	8.8	0.8	14.7	9.8	75.5	8.6	1.8	15.6	15.4	72.4	10.6	1.2	17.9	6.2	48.1	2.9	0	3.7	14.4	46.1	4.9	0.3	8.8	15.6	42.2	17.9	0.1	28.9	8.1
35616	29	5.8	0.1	9.9	22.7	29	4	0	7.1	8.1	50.6	6.3	0.4	11.6	15.9	74.5	12.5	1.4	20.5	4.4	75.8	5.3	1.4	6	13.5	74.6	7.1	1.1	13	8.3	70.6	19.7	1.2	31.4	11.3
35617	60.1	7.5	0.7	11.9	13.5	61.9	6	0.6	11	5.5	57.7	4.9	0.8	9.1	15.1	51	8.6	0.3	15.4	8.8	41.3	2.9	0	4.2	8.6	74.2	7.6	1.8	14.1	11	84	22.5	3.3	35.6	11
35618	81.4	10.2	2.9	16.1	12.2	80.2	9	1.6	15	5.7	77.7	7.9	1.2	14.1	3.5	68	10.6	0.6	18.6	1.8	40.4	2.6	0	4.1	11.3	78.2	8.6	1.9	15.3	9.3	75.9	22.3	1.5	35.4	12.4
35619	86.5	12.8	3.6	19.6	3.8	85.7	12	3.1	19.9	5.4	85.8	10.8	3.2	18.8	5.4	80.6	12.8	1.7	21.8	5.4	54.9	3.2	0.5	5.4	4.1	81.8	10.5	1.7	17.9	3.5	80.1	23.4	1.5	37.4	6.5
35620	87.4	15.6	6.1	22.6	14.4	87	14.3	4.4	22.7	9	89.4	14.6	5.7	24.5	7.2	86.2	15.9	3	26	2.8	74.8	5.1	1.2	8.2	9.4	85	12.4	3.1	21.8	7.8	52.5	12.7	0.4	22.4	10.7
35621	80.9	16.5	5.9	24.1	14.5	87	16.5	6.3	25.6	15.7	89.4	17.6	7.4	28.7	12.1	87	18.1	3.6	29.5	4.4	84.3	8	2.5	11.5	6.4	86.8	15.4	4.4	25.9	9.9	79.2	15.6	1.7	26.4	11
35622	84.2	18.8	5.4	26.9	12.9	84.4	17.8	2.9	28	7.2	88.8	20.4	5.2	32.4	7.3	87.1	20.3	3.8	31.8	5.9	84.8	10	2.8	14.1	7.2	86.6	17.5	4.4	29	10.2	86.6	18.7	3.5	31.1	7.3
35623	87.3	22.2	5.5	30.7	10.9	84.2	19.1	2.7	29.5	7.1	88.9	23.3	4.4	36.4	3.8	87.1	22.7	3.8	35.2	5.7	85	12	3.8	16.6	11.2	86.6	19.6	4.4	32	10	88.6	22.5	5.4	35.9	9.1
35624	38.9	10.9	0	17.4	12.2	44.3	11.2	0	19.1	2	83.8	25.1	2.9	39.2	9.1	83.9	23.8	2.1	37.4	3	85.6	13.6	3	18.8	6.1	86	21.5	4	34.9	9.1	87.2	24.4	4.2	38.6	6.9
35625	67.3	14.4	1.1	22.7	11	20.2	4.7	0	7.8	5.2	68	22.9	1	35.8	8.9	36	13.2	0.2	22.5	4.8	55.2	10	0.4	14.3	5.9	80.8	22.6	3.2	36.7	8.8	77	26	1.6	41.5	3.6
35626	85.9	17.2	5.4	26.4	20.1	65.6	7.8	0.4	12.1	4.4	64.8	14	0.9	23.9	10	11.2	5.7	0	10.3	3.1	75.1	12.3	2.3	17.8	14.8	83.3	24.4	4	39.4	13.7	83.9	28.1	2.2	44.5	8
35627	88.3	20.6	10.8	30.5	20.9	64.7	6.4	0.1	10.2	3.2	69.7	11.1	1.2	19.4	9.8	53	7	0.3	12.2	4.1	78	13.5	2.1	19	10.1	85.3	26.5	4.4	42.5	13.4	86	30.7	3.6	48.1	9.2
35628	73.8	16.8	1.7	26.4	16.2	86.1	10.6	2.9	15.7	5.3	77.4	10	2.4	17.6	17.4	62.7	5.9	0.7	10.4	8.1	82	13.9	3.9	19.8	13.9	69.1	18.4	1.1	30.6	9	86.3	32.8	4	50.2	10.1
35629	63.5	12.3	0.5	20.1	9	86.6	13	3.9	19.2	8	84.9	13.1	3.2	21.8	7.8	60.9	5.9	0.9	10.4	7.3	80	14.5	3.7	21	19.1	79.5	19.4	3.1	32.3	17.4	58.4	24.9	0.5	40.6	6.5
35630	79.2	14.3	1.5	22.6	7.3	87.2	15.4	5.1	22	11.2	88	16.1	5.9	26.7	11.7	77.1	8.3	2	13.9	5.8	84.1	16.6	3.5	23.7	11	83.4	21.3	2.7	35	8.4	71.9	26.5	1.3	42.8	11.9
35631	40.2	7.4	0.1	13.1	12.9	61.8	11.2	1	16.8	4.3	86.3	18.5	6.1	29.8	13.6	22	4.3	0	8.1	2.3	85.1	17.5	2.5	24.6	4	83.5	22.3	2.4	37	5.4	82.3	29.4	2	46.3	3.4
35632	44.1	5.9	0.2	9.8	5.2	66.6	11.6	1.1	17.9	4.5	85.6	19.6	3.4	31.8	8.5	49.8	5.6	0.3	9.7	8	70	15.1	1.1	22.3	11.1	77.8	23.2	1.2	38.1	4.1	84.2	31.2	2.4	49	5
35633	69.4	8.6	1.8	14.5	8	78.7	13.8	1.5	20.5	4	86.1	21.6	4.2	34.9	11.1	75.3	7.9	1.2	14.1	5.3	83.3	18.1	1.8	25.9	2.9	85.7	26	3.3	42.6	6.4	87.5	34.1	3.9	52.8	4.4
35634	82.6	11.5	3.8	18.4	12	82.9	15.9	2.6	23.3	9.9	88	24.6	4.3	38.9	6.2	81.9	10.1	1.7	17.3	3	88.2	21.7	4.8	29.9	7.8	88.1	29.1	4.6	46.7	6.7	88.1	37.3	5.4	57	9.5
35635	61.9	9.8	1.3	15.9	9.3	84.2	18	2.5	26.4	5.6	88	27.5	6	42.6	12	85	12.5	2.9	20.7	7	88.1	24.4	6.1	33.5	12.9	88	32	4.8	50.6	7.7	86.6	39.5	3.9	59.9	5.4
35636	88	15.1	1.9	24.2	3.5	85.3	20.1	2.2	29	2.6	89.3	30	4.6	46.4	7.7	83	13.5	1.7	22	1.7	86.3	26.3	5	36.3	13.2	88	34.1	5.5	53.5	10.6	87.7	42.4	4.6	63.6	8.4
35637	90.2	17.7	4.5	28.3	14.1	74.8	18.1	1.9	26.5	4.9	85.9	31.1	3.1	47.6	7.8	85.2	15.4	2.6	24.8	3.2	86.5	28.4	3.3	38.4	4.7	84	35.6	3.2	55.9	6.2	87.5	44.5	4.2	66.6	7.5
35638	81.1	18.2	7.2	29.1	30.2	84.3	20.9	3.7	29.9	10.2	87.7	34	7.5	51.4	17.1	87.2	17.9	3.8	28.3	7.2	87.6	31.8	6.7	42.9	18.1	84.1	37	3.9	57.3	12.4	70.9	45	0.8	67.4	4.4
35639	76	19	3.8	30.1	8.8	86	23.2	2.9	33.2	2.7	87.6	36.9	5.7	55.2	12.2	86.9	20.1	3.8	31.5	7.2	85.8	33.9	5.6	45.1	17.7	83.2	38.2	3.1	59.4	12.2	83.4	48.1	3.2	71.2	11.5
35640	85.4	22	3.8	33.2	6.7	89	26.4	4.5	36.6	3.9	90.2	40.8	7.2	59.9	9.6	87.8	23.2	4.2	35.5	5.8	85.7	36.2	3.9	48	10.3	85.1	40.3	3.8	61.6	11.3	86.3	50	3.8	73.9	8.7
35641	88.1	25	7.4	37.6	15.6	88.7	29.6	4.5	40.1	4.8	90.5	44.7	7.5	64	9.5	88.5	26.5	5	39.7	6.1	88	39.2	4.7	51.3	8	87.2	43.5	5.7	65.9	13.5	86.9	53	3.2	77.6	3.3
35642	84.9	26.1	4.2	39.8	14	86.1	31.6	4.4	42.9	11.4	89.4	47.5	10.9	67.8	19.2	88.5	29	4.9	42.5	5.8	88.2	42.3	6.3	55.2	12.7	87.9	46.6	6.2	70	13.4	89.5	56.9	7.2	82.5	11.7
35643	79.3	26.7	9.3	40.1	27.1	88.1	34.6	5.7	46.2	10.5	89.2	50.2	7.9	71.2	14.5	82.9	30.3	2.5	44.9	7	81.1	43.4	3	57	17	75.3	46.4	1.7	70.4	13.7	82.6	57.4	3	83.1	11
35644	63.3	24.4	0.8	37.3	4.7	88.8	37.8	5.6	49.6	7.9	88.8	52.9	9.1	74.1	17	73.3	30.1	1.2	44.7	7.7	32.5	23.2	0.4	35.4	8.1	76.6	46.2	1.2	70.4	6.6	82.1	58.1	3.2	84.4	10.6
35645	78.4	25.8	3.8	39.1	20.3	85.8	38.9	3.5	50.9	4.4	88.6	55	4.3	76.9	3.7	81	31.6	1.4	46.2	3.2	60.8	25.3	0.8	38.4	5.2	80.5	47	1.7	71.1	5.8	50.9	32.2	0.4	50.9	5.2
35646	83.7	28.4	3.4	42.8	7.7	61.7	23.3	0.4	35.1	6.2	73.1	37.3	1.9	56.3	11.6	68.8	26.8	0.9	41.2	8	74.1	27.2	1.8	40.8	14.3	80.3	47.1	2.8	72.1	17.1	74.7	34.4	1	53.9	3.5
35647	88.2	31	4.3	45.7	6.3	80.7	25.7	1.5	38.6	5.7	88.3	41.1	6.9	60.8	14.1	82.2	28.9	1.8	44.1	3.9	81.5	29.3	1.7	43.8	4.1	84	49	2.9	74.2	8.8	78.1	34.9	2.1	54.7	8.2
35648	87.9	33.3	8.5	49	17.3	88.9	30.2	4.5	43.3	4.2	86.3	42.5	6.4	62.9	8.7	83.3	30.9	2.2	46.4	2.8	85.8	31.2	4.6	45.6	13.1	87.2	51.9	4.3	77.9	7.7	85.2	36.8	3	57.8	6.3
35649	88.9	36.3	5.2	53	7.3	89.2	33.3	5.5	47.4	7.4	89.8	46.3	9.7	67.6	16.7	87.2	33.4	4.2	49.9	5.7	80.2	31.3	2	46.7	9.7	82.5	52.1	3.3	78.1	9.3	84.4	37.8	2.8	58.9	8.1
35650	87.1	36.8	8.1	53.2	16.6	89.3	36.2	6.6	50.7	10.5	89.2	49.3	9.9	71.5	18.3	85.9	35.3	3.7	52.5	7.6	86.9	34.7	6.4	51	17.5	85.7	54.2	4.9	81.1	14.2	87	40.6	4.4	62.6	9.3
35651	67.1	33.5	2.1	48.5	9.6	59.4	30.3	1.1	43.7	7.4	82.4	49.2	6	72.1	15.8	82.5	33.6	3.8	50.4	12.5	86.4	36.6	8.2	53.2	23.4	86.9	56.3	6.1	84.2	15.4	87.8	43.3	4.8	66.1	8.3
35652	55.8	27.6	0.7	40.7	12.5	71.1	30.7	1.7	43.8	9.5	51.7	29	0.5	47.5	13.8	43.9	20.3	0.1	33.5	6.6	57.1	31.3	0.6	47.5	13.3	47.5	45.1	0.2	70.5	8.8	87.8	45.5	5.3	69.1	10.9
35653	77.3	29.6	4	43.1	18.1	81.9	32.9	4.9	46.4	15	78.5	31.8	2.1	51.1	11.7	70.8	22.3	0.9	36.6	5.9	74.6	32.7	1.1	49.2	6	58.1	44	0.5	69.2	4.6	25.2	22.5	0	38.9	4.9
35654	70	29.9	2.2	44.1	24.2	76.3	32.6	1	46.8	6.4	83.2	33.6	4.7	53	18.9	77.1	23.5	1.4	38.7	6.8	81.5	33.7	2.9	51.1	16.3	70.5	45	1	70.4	8.1	57.2	23.6	0.4	40.1	6.9
35655	76.7	31	3	45.8	19.2	83.8	34.6	2.6	49.2	7.2	85.8	35.5	5.7	56	16	81.2	24.6	2.3	39.8	10.4	72.1	32.1	2	49.5	17.4	67.6	43	0.9	67.8	10	13.6	10.7	0	19.6	4.9
35656	45.4	18.3	0.1	30.6	6.2	88.5	37.2	5.5	53.1	13.2	89.2	38.4	7	59.8	11.3	83.9	26	2.3	42.3	3.3	83.8	34.2	3.9	51.6	15.9	80.7	45	2.2	70.9	10	45.8	12.1	0.1	22	3.9
35657	7.2	3.8	0	8.4	8.6	86.5	38.3	3.6	54.2	8.3	84.9	39.4	3.4	61.7	9.8	82.3	26.5	2.4	43.1	8.9	29.7	18.7	0.1	31.5	9.5	26.7	27.6	0	46.8	7.9	69	13.6	1	24.5	8.8
35658	44.8	6.7	0.3	13.1	7.7	37.8	18.9	0	30.7	5.2	44.7	21.1	0.1	36.3	9.4	43.5	18.5	0.5	31.6	5.9	4.4	8	0	14.4	13.4	10.2	12	0	22.4	11.9	51.8	9.2	0.7	17.2	11.8
35659	66.7	8.4	1	15.8	9.6	65.9	20.9	0.6	33.7	2.7	63.9	23	0.5	39.2	1.3	61.3	19.7	0.8	33.4	3.7	45.2	9.4	0.1	17	12.8	42.7	12.9	0.1	23.6	10.8	58.2	9.6	0.5	17.8	6.2
35660	79.8	10	1.9	18.5	6.5	79.4	22.9	1.3	36.7	2.8	76	24.9	0.9	41.9	0.6	72.7	20.8	1.2	35	1.9	71.1	11.4	1	19.9	9.3	69.1	14.9	0.9	27.2	8.5	76.7	11.5	1.5	21.6	8.4
35661	82	11.2	2.6	19.6	9.3	84.6	24.9	2.6	39.1	5.7	84.8	27.5	2.9	45.5	5	82.4	23.1	2.2	38.2	5.4	83.3	13.4	2.2	23	5.5	82.3	17.7	1.8	32	3.1	83.6	13.6	1.9	24.8	2.2
35662	53.4	7.8	0.3	14.4	8.3	67.3	23.7	0.8	37.7	5.2	83	28.8	1.8	47.5	2.4	75.7	22.1	1.2	37.7	3.7	86.5	15.5	4.1	25.9	9.4	83.4	18.7	2.3	33.1	5	86.1	15.7	4.4	28.1	10
35663	50.6	6.8	0.3	12.7	5.3	54.6	17.5	0.3	29.4	3.8	46.4	18.5	0.3	32.5	0.9	65.2	21.1	0.7	36	6.7	84.1	16.4	2.9	27.9	11.1	70.2	18.3	1.6	32.6	8.2	26.2	7.9	0	14.9	9.2
35664	70.4	8.6	0.8	16	4.2	75.7	19.6	1	32.6	4.2	73.3	20.5	1.1	35.4	5.7	74.3	21.7	1	36.8	4.4	87.5	19.3	3.9	32	12.2	50.1	13.9	0.3	25.6	12.2	13.1	2.9	0	5.9	3.8
35665	81.1	10.1	2.9	18.2	15.4	81	21	1.8	34.4	7.1	83.4	22.5	2.6	38.5	8.8	80.3	23.6	1.2	39.4	1	85.9	21.5	3.4	35.2	9.2	70	14.7	1.2	27.2	12.4	15.8	0.5	0	1.3	6.5
35666	78.5	10.8	2.4	19.3	7.2	79.9	21.6	1.4	35.8	3.7	86.6	25.2	3.3	42.9	4.8	83.7	25.5	2.3	42.4	4.3	87.6	24.2	4	38.9	5.9	81.6	16.9	1.7	30.6	4.8	54	2.7	0.3	5.6	6.1
35667	49.1	7.2	0.9	14.2	17.2	71.2	21.6	1	35.7	9.7	84.6	26.2	4.8	43.9	16.7	84.7	26.8	2.9	44.8	6.6	87.8	26.4	4.5	42	7.8	85.3	18.8	2.6	33.8	2.9	69.8	4.1	0.7	8	3
35668	53.5	4.5	0.3	9.6	17.3	85.1	24.6	3.7	40.4	9.7	82.8	25.4	4.7	42.6	20	84	27.5	3.6	45.8	9.2	81	27.6	2.8	43.5	14.6	81.1	18.9	2.3	33.8	11	79.4	5.3	1.6	9.8	7.1
35669	64.5	5	0.8	10.8	14.1	86.7	26.8	3.4	43.2	4.7	84.2	27.2	4.5	46.2	16	80.4	27.8	2.1	46.4	11.3	86.4	29.4	3.5	46.4	12.6	83.4	20.7	3.1	36.6	10.5	83.1	6.4	2.3	11.8	8.7
35670	71.4	5.7	0.8	11.4	4.6	86.7	28.4	3.4	45.8	5.2	84.9	29	2.6	48.9	4.5	80.6	28.1	1.6	46.7	5.4	48	23.7	0.1	39.2	11	78.4	20.7	2.1	36.4	11.4	70.5	6.6	1.3	12.3	5.2
35671	80	7.2	2.7	14.6	13.4	86.3	30.3	4	47.9	8.7	85.5	30.9	3.6	51.7	9.8	81.9	29.2	1.7	48.8	4	78	26.2	1.1	42.8	4.9	81.9	21.7	2.2	38.4	7.1	37.8	3.4	0	6.7	6.9
35672	36.5	2.3	0.2	5.8	11.9	87.9	33.2	3.6	52.3	5.3	81.9	31.1	1.6	52	2.4	78.5	29.3	1.2	49	3.1	80.8	27.1	1.8	44.1	9.9	83.3	22.8	3	40.6	10.3	64.8	5.5	0.6	10.2	5.3
35673	67.7	4.2	0.5	9.2	5.7	86.9	35.5	3.5	55.3	5.5	91.2	34.8	12.9	56.8	17.3	87.1	32.5	4.2	53.3	7.1	26.8	12.3	0	21.8	7.7	77.3	22.6	1.5	40.2	7.2	34.5	3	0	6	0.8
35674	35.7	3.5	0	6.6	14.1	48.7	20.7	0.2	35.3	7.9	88.5	37.5	9.1	60.7	20.3	77.1	31.6	1.8	52.2	5.7	37.4	12.3	0.2	21.7	11.2	81	23.6	2.7	41.4	12.6	50.3	3.6	0.3	7	5.4
35675	61.6	4.3	0.9	8.3	13.9	67.5	22.1	0.4	37.8	2	87.8	37.8	5.7	61.6	13.5	61.1	27.8	0.6	46.4	6.7	31.1	6.2	0	11.2	15.1	42.2	14.1	0.1	25.6	13.7	23.3	1.2	0	2.7	9.8
35676	78.5	5.8	1.4	11.4	5.5	81.6	24.2	4.2	41	9.9	88	39.7	4	64.4	4.9	75	28.9	1	48.3	2.9	65.3	7	1.1	13	15.4	69.5	15	1.5	27.6	18.3	42.9	1.6	0	3.3	9.9
35677	84.3	7.3	4.1	13.4	13.1	85.3	26	3.2	43.7	6.2	88.9	41.5	6.3	66.3	10.6	82.4	30.8	2	51.3	4	80.7	9	2.2	16.7	12.6	83.3	17.3	3.4	31.8	12.7	67.3	3	0.8	6	8.4
35678	18.9	3.3	0.1	5.9	3.6	48.9	14.9	0.2	26.7	3.5	30.6	21.2	0	37.2	9.6	26.4	17.9	0	31.7	2.6	83.2	10	3.2	17.9	12.9	85.5	19	4.6	34.4	13.5	81.8	4.1	2.2	8.1	10.2
35679	15.8	1.5	0	2.7	2.8	66	15.9	0.8	27.8	7.2	52.3	21.7	0.4	38.3	9.2	27.2	17.2	0	30.4	5.1	35.2	5.5	0	10.3	10.1	27.9	11.1	0	21.1	3.9	58.5	3.3	0.6	6.6	6.1
35680	30.4	2	0	3.8	7.8	72.9	16.6	1.1	29.2	7.3	69.3	22.6	1	39.4	9.1	44	17.5	0.2	31.5	5.4	56.7	6.6	0.4	12.3	6.4	42.8	11.2	0.1	20.6	6.3	69.8	4	0.9	8	6.9
35681	37.9	1.7	0.1	3.1	11.4	58.8	15.3	0.3	27.1	2.3	76.6	23.8	1.3	41.1	6.8	10.6	8.9	0	16.2	4.3	72.9	7.6	1	14.5	10.7	55.4	11.2	0.3	20.8	4.2	75.5	4.7	1.1	9.4	5.3
35682	48.2	1.7	0.4	3.1	14.6	69.7	14.7	1.2	26.1	10.1	83.3	24.9	3.8	43.3	15.4	27.1	7.9	0.1	14.8	3.8	64.1	8.2	0.7	15.4	6.8	64.3	12	0.6	22.3	5.2	81.8	5.8	2	10.7	6.8
35683	63.6	2.7	0.5	5.1	1.9	80.7	16.7	1.5	29.3	1.5	86.3	26.8	4	46	8.4	37.4	7.3	0.1	13.4	3.9	11	2.7	0	5.5	11.1	16	5.9	0	11	3.3	83.1	7	2.1	13.1	9.9
35684	77.5	4.2	1.7	7.5	9.5	86.8	19.1	3.5	33.2	5.1	88.6	28.8	5.6	49	9.4	60	8.3	0.5	15.6	3.9	15.4	1.5	0.1	3.3	9.1	2.2	2.3	0	4.5	7.9	57.6	5.7	0.6	10.9	4.5
35685	85.2	6.1	5.2	11.1	13.6	87.8	21.1	5.7	36.7	9.2	88.7	30.8	6.5	52.1	11.8	74.7	9.5	1.1	17.6	3.1	39.9	2.5	0	4.8	3.5	20.6	2.4	0	4.8	10.9	16.5	2.5	0	5.3	0.4
35686	50.3	3.4	0.2	6.9	14.4	50.7	12.3	0.3	22.2	9.6	86	31.7	4.6	54	12.7	80.6	10.7	2.1	19.3	7.4	68.7	3.8	1.3	7.6	10.2	54.4	3.3	0.4	6.7	7.6	33	3.4	0	6.9	4
35687	74.6	4.7	1.8	8.4	18.6	78.8	14.5	1.5	26.3	11.5	90.3	34.6	12.3	57.8	19.4	86.5	13	5	23.4	10.3	78.8	4.8	2.3	9.5	17.1	75	4.4	1.5	8.8	13.5	50.2	4.4	0.1	8.2	2
35688	77.6	5	1.1	9	5.3	85.9	16.8	3.2	29.7	6.8	88.3	35.6	4.8	58.9	6	83.7	13.3	2.4	24	5	79.6	4.9	1.9	9.7	11.7	80.4	5.5	1.7	11	6.7	60.6	4.4	0.7	8.3	10.1
35689	30.3	2.8	0.1	5.4	15.1	24.3	7.2	0	13.6	15.7	28.4	16.9	0	30.4	11.4	79.3	13.3	2.2	24	12.3	75.6	4.8	1.7	9.5	12.8	81.5	6.6	1.8	12.2	4.5	67	5	0.4	9.7	1.4
35690	34.1	1.1	0	2.2	22.1	51.1	6.3	0.6	11.9	16.3	48.4	8.3	0.6	15.6	24.3	30.3	6.7	0	12.9	6.3	29.5	2	0.1	3.8	14.7	48.9	3.8	0.4	7.5	14.9	32.5	2.6	0	5.5	9.7
35691	59.2	1.9	0.8	3.9	14.2	70.3	7.6	0.8	14.3	4.8	69.3	9.3	0.8	17.7	4	60.1	8	0.5	15.3	6.1	66.1	3.3	1.5	6.5	19.7	76.3	5.7	2.2	11.3	18.4	42.5	1.3	0	3	8.3
35692	62	1.8	0.7	3.8	10	62.5	7.3	0.7	13.9	10.2	74	10.2	1.3	19.2	9.2	59.9	7.9	0.6	15	8.1	55.3	2.2	0.4	4.3	11.4	40.1	2.8	0.1	5.7	8.8	58.9	1.5	0.9	3.5	14.8
35693	73.4	3	1.3	6.1	12.5	67.2	8	0.8	14.6	5.5	75.6	11.1	2	20.3	16.4	71.8	8.9	1.2	16.2	8.8	60.7	2.2	0.8	4.4	15	53.4	2.7	0.5	5.3	10.2	43.4	0.7	0.1	1.6	8.7
35694	82.4	4.8	4	8.9	18	82.9	9.9	3.7	18.2	15.8	82.7	12.2	3.5	22.5	14.6	76.5	9.8	1.3	18.1	4.8	69.7	3.3	1.2	6.3	11.6	67.1	3.6	0.9	7.1	8.7	62.7	1.7	0.6	3.6	8.9
35695	84	5.7	2.3	10.4	7.6	66.3	8.6	1.2	16.2	5.8	85.5	14.3	5	26.5	15	81	10.8	2.1	19.9	8.7	71.1	3.7	1.2	7	11.2	76	4.6	1.6	9.1	11.4	75.4	2.7	1.6	5.6	14.6
35696	82.8	3.3	1.4	6.3	4.9	78.7	10.4	2.3	18.9	6.2	86.3	15.4	3.3	27.7	5.1	82.3	11.8	2	21.9	5.3	38.9	2.2	0	4.2	13.9	57.2	3.9	0.7	7.6	13.6	74.2	2.7	1.1	5.7	9
35697	85.4	4.9	2.6	9.2	8.8	86	12.3	4.8	22.1	12.4	87.7	17.4	9.3	31.6	21.5	85.8	13.8	3.7	24.9	9.2	37.8	1.2	0.5	2.4	16.7	72	4.8	2.7	9.3	26.8	78.5	3.4	1.8	7	10.9
35698	81.3	5.9	1.8	10.5	3.5	87.6	14.7	5	26.3	8.6	87.9	19.3	5.5	34.5	11.4	52	9.9	0.2	18.3	3.2	24	1	0.1	2	13.3	48.8	3.7	0.3	7.3	12.8	58.1	3.1	0.5	6.3	1
35699	84.7	7.7	2.3	12.9	4.6	88.6	17.3	6	30.1	10.1	88.7	21.3	6.4	37.5	11.3	71.6	11.7	0.7	21.6	2.8	28.8	1.1	0.1	2.1	8.4	65.2	4.7	0.7	9.2	6.2	64.6	4.1	0.7	7.7	7
35700	83.4	8.2	1.7	14.1	4.2	85.6	18.5	3.8	31.6	9.4	86.7	22.4	5.7	39.6	14.9	79.3	12.6	1.6	23.5	7.4	64	2.2	1.1	4.6	15.4	76.5	5.6	1.3	11	8.6	77.1	5.8	1.6	10.9	5.7
35701	46	7.7	0.3	13.3	7.2	21.3	6.7	0	12.2	15.7	39.3	12.4	0.2	22.7	26.1	80.8	14	2	25.3	9.7	68.4	2.1	1.7	4.3	16.4	79.7	6.6	1.6	12.3	8.1	79.3	6.8	1.9	12.9	8
35702	14.3	3.7	0	6.7	0	9.6	2.5	0	4.8	18.5	28.5	5.2	0	10.2	19.7	29.5	7.7	0	14.2	6.3	72.9	2.2	1.2	4.5	10.5	60.1	4.8	0.6	9.5	8.7	24.1	3.2	0	6.5	2.3
35703	19.7	3.7	0	6.8	2.7	20.3	1.6	0	3.2	8	32.1	3.3	0	6.4	13.7	25.7	4	0	7.8	7.3	61.2	1.7	1.2	3.3	21	63.2	5.2	1.5	10	19.6	28.9	2.9	0.1	6	8.1
