37713	72.6	4.4	1.2	6.4	8.5	83.5	5.9	3.1	8	10.5	85.4	6	5.4	11	17.6	74.2	5.1	3.3	7.4	20.2	70.4	6	1	11	19.4	65	6	0.9	11	23	64.2	6	0.9	11	23
37714	77.7	4.4	3	6.4	18.7	84.4	5.9	5.5	8	19.9	86.2	6	8.4	11	23.8	79.8	5.1	5.2	7.8	25.4	75	6	2.8	11	26.9	72.9	6	3.4	11	27	72	6	4.3	11	27
37715	83	4.4	3.3	6.4	14.5	86	5.8	4.9	7.7	12.2	86	6	8.7	11	25.2	82	5.1	6.5	7.8	29	81.3	6	3.8	11	23.4	80.2	6	5.2	11	29	85.1	6	7.2	11	29
37716	87	4.7	3.4	6.6	10.6	87	6	4.2	8.1	7.6	85.7	6	3.7	11	9.7	83.1	5.1	4.1	7.8	18.2	87	6	4.2	11	24	87	6	4.2	11	24	87	6	4.2	11	24
37717	87.2	4.8	3.8	7.9	4.8	87.2	7	4.3	9.8	6.3	85.6	7	2.9	12.1	4.9	84.6	5.4	2.5	8	4.4	87.2	7	3.1	13	8.3	87.2	7	2.7	13	7.1	87.2	7	3.9	13	7.3
37718	88.4	6.1	6.5	8.2	14.2	88.4	7.9	7.1	9.4	12.1	87.6	7	7.4	13	17.9	87.9	5.5	6.7	8.5	15	88.4	8	4.8	12.7	11.2	88.4	8	4.8	13	9.6	88.4	8	6.5	13	9.7
37719	88.5	7.2	7.4	10.5	14.8	89.4	9	13.9	11.3	24.3	88.4	8	7	14.2	14.1	87.4	5.8	5.3	7	11	89.4	8.8	10.3	13.7	7.9	89.4	9	7.4	14.3	0	89.4	9	12.1	16	0
37720	88.5	9.8	5.8	12.9	7.7	90.3	11.9	11.6	14.6	20.8	90.2	11	17.4	18.3	26.9	88.8	7.3	8	8.9	14	83.3	7.2	4.2	11.2	15.5	79.7	5.9	1.2	8.4	13.4	74.7	5.9	1	6.7	9.9
37721	66.8	7.9	7.5	11.4	24.6	85.9	15.3	10.9	24.9	29	88.3	12.8	12.7	20.9	25.7	84.4	8.7	11.8	10.5	25.1	89.6	9.3	9.4	12.5	14	88.3	8.3	0.7	8.8	5	88.5	8.2	1.1	8	5
37722	72.9	6.4	1.9	7	8.2	86.7	15.5	3.2	24.7	8.6	88.5	14.8	13.4	22.8	26.3	86.1	10.4	7.9	12.5	14.9	83.8	10.5	3.6	14.2	17.1	91.1	10.6	4.5	12.7	8	92.4	11.6	6.7	11.8	4.4
37723	77.9	5.9	1	7.4	4	86.9	17.4	4.5	27.1	8	87.6	15.9	4.3	24	6.9	87.9	11.6	6	13.1	10.1	81.5	8.5	0.8	12	7.5	82.6	6	2.1	7.6	14.5	85.4	8.8	5.5	8.7	18.8
37724	70.9	5.7	1.4	7.4	11.6	85.3	20.1	5.3	31.5	8	88	17.9	8.4	26.9	19.3	88	12.1	6	14.3	12	84.3	8.8	2.4	12.4	8.7	85.9	6.6	2.8	8.4	6.1	87.5	9.9	4.5	9.2	8.3
37725	79.5	5.5	1.7	6	8.4	86.1	21.5	4.5	33.9	7.9	89	20.4	7.2	30	13.2	89.4	12.9	5	13.8	8	83	9.8	9.3	13.7	31	86.8	8.9	9.5	10.6	24.4	88.9	10.1	11.1	10.1	21.6
37726	81.7	5.9	2.5	6.4	12.1	86.7	23.6	4.2	35.7	7.5	76.6	19.7	1.8	29.4	10.9	89.8	22	5.5	22	12.2	25	4.7	0	8.3	7.3	32.8	3.6	0	4.9	5.4	69.6	10	3.5	10.2	8.5
37727	88.1	5.2	5.8	5.8	11.7	87.2	24.5	5.1	37.3	12.8	83.3	20.6	6.2	29.4	25.4	89.1	22	6.7	22	18.3	36	2	0	6.5	14.5	40.3	2	0.1	3.5	19.8	55.5	7.1	0.5	7.6	12.7
37728	88	6.9	2.6	7.9	13	57.5	8.8	0.7	13	7.2	75.7	20.2	1.5	29	10.7	87.2	22.2	4.9	22.2	12.9	56.2	2	0	6.5	22.8	63.8	2	0.3	3.6	21.5	76.6	8.2	3.3	8.6	19.9
37729	84.5	7.7	2.1	7	10.4	61.2	7.2	0.6	11	8	75.3	19.3	1.4	29.6	4.3	68.7	22.2	0.8	23.4	7.2	65.4	1	1	2	1.6	39.1	1	0.2	2	0	73	8.1	0.9	8.4	3.9
37730	89	9.3	4.4	8.7	9.4	73.1	8.5	2.5	12.2	11.8	30.1	11.8	0	19	12.6	26.9	11.9	0.1	11.4	3.8	89	5.8	3.2	7.2	5.4	72.8	5.1	1.3	6.9	3.8	31.1	3.9	0	4.8	7.7
37731	88	9.3	6.5	9.6	18.3	47.6	5.3	0.4	7.8	16.7	35	7.9	0.1	14.2	19.5	11.7	6.2	0.6	7.5	16.7	4.4	1	0	0	4	19.8	2.8	0	2.3	4	70	7.1	0.8	7.2	10.7
37732	89.2	10.1	5.9	9.4	10.5	69.1	7	0.9	9.7	10.7	52.3	5.5	0.8	10.2	25.7	2.4	2.9	0.3	2.7	4.3	0.4	0	0	0	25.1	0.4	1.1	0	0.1	14.4	50.1	4.1	0.2	5.5	10.3
37733	89.4	11.5	4.6	10.5	4.5	80.3	8.9	1.6	12	4.7	75.9	7.6	1.2	13.2	6.1	26.2	1.6	0.4	1.2	8.5	14.9	2	1.3	0.6	21.9	5.7	0.6	0	0	22.1	18.5	2.3	0	2.3	8
37734	89.8	14.1	7	12.4	7.1	85.5	11.4	6.4	14.2	13.6	86.6	10.5	5.2	16.9	13	63.9	3.6	1.1	3.6	7.1	40.4	1.4	0	0	15.4	42.4	1.4	0	0.5	15	34.8	8.4	0.2	8.7	10.1
37735	71.9	11.7	1.2	10.9	9.5	85	12.3	3.9	16.3	10.1	87.7	13.6	3.1	20.9	0.7	79.2	5.6	2	5.5	11.3	42.8	1	0	1	4.2	59.8	2.3	0.1	2.7	2.8	58	4.3	0.6	4.4	6.6
37736	81.2	13	2.1	12.2	4	79.9	11.4	4.7	14.7	14.3	87.6	14.5	3.9	22.7	5.4	80.6	5.3	2.1	5.1	9.8	69.9	2	1.3	2	16	73.9	2.6	0.7	2.7	9.5	69.4	5.4	1.2	5.5	3.6
37737	85.5	12.7	4.1	11.9	12	86.2	14.7	3.1	18	4	89.4	16.8	5.5	25.8	6.2	84.1	7	3.6	7.4	5.8	80.3	3	0.5	3	9.7	80.8	3.3	1	3.6	6.4	77.5	6.9	2	7.6	4.2
37738	89.2	14.3	4.1	13.8	9.4	16.4	4.1	0	6.7	8.6	79.6	17	4.8	25	20	88	7.6	3	7.7	10	28	2	0	4	10.7	35.7	2	0	4	9.6	85.2	9.6	4.2	9.6	5
37739	88.9	13.9	4	13.7	12.3	24	2	0	2.5	10.9	70.7	16.1	1.4	25	14	49.2	6.6	0.5	5.6	11.6	55.8	2	0	2	12.2	62.6	2	0	2	17.1	87	13.5	6.4	13.5	8
37740	83.7	11.4	4.3	11.7	12.4	43.8	2	0.1	3	4.4	79.5	16.8	2.9	25.6	15.3	72.3	3.6	3.7	3.9	16.5	81.2	2	7.6	3	28.4	82.1	4.5	3.5	4.5	15.8	87.1	14.6	4.4	14.7	5.1
37741	89.7	16.2	7.9	16.4	16.5	74.3	6.6	2	9.5	13	90	24	8.3	32.7	14.4	88.2	7.7	11.2	8.1	22.8	87	3	9.1	5	18.2	87	7.1	6.7	7	17.3	88.2	17.2	4.9	17.1	5.6
37742	89.5	13.5	7.1	13.6	12.4	81.8	6.2	1.9	9.4	5.5	89.6	22.2	11.1	31.8	19.7	87.7	6.6	7.5	6.9	15.7	84.3	3	2	3	9	88.4	9.8	6.8	9.7	13.7	17	7.6	0	7	2.2
37743	91.4	16.9	6.3	16.3	3.9	88.6	9.3	5.8	12.9	9.5	91.5	25.2	6.3	34.9	3.3	90.2	9.2	6.8	9.5	8.3	86.8	3.3	4.9	3.2	12.6	88.3	10.8	7.6	10.8	15.2	48	8.9	0.1	8.9	3.1
37744	92.3	19.9	8.8	19.3	8.3	92.6	13.5	12.8	18	13.9	92.7	29.3	18.7	39.8	21.6	92.3	13.5	11	13.7	12.1	87.2	5	3.8	5	6.5	89.5	13.1	6.1	12.8	7.7	71.5	11.9	0.7	11.1	3.9
37745	92.7	22.3	8.8	21.3	8.4	72.2	11.9	1.8	16.7	5	93.5	34.3	30.3	44.1	28.2	92.8	17.6	14.8	17.3	17.1	89.3	6	7.9	8	13.8	91.1	15.4	10.9	15.4	15	86.2	15.7	3.3	15.3	4.2
37746	93.3	25.4	14.2	24.5	14	86.9	15	5.6	20.2	16	92.8	38.3	22.8	48	24.8	92.5	20.7	18.5	21.1	22.4	87	6.2	3.1	8	9	90.6	17.5	12.1	17.5	17.7	90.4	20.1	8.2	19.5	10.6
37747	92.9	28.6	11.1	27.9	10.5	90.1	19	10.4	24.5	17	92.4	42.2	11.6	51.8	13.1	91.8	23.8	15.8	23.8	22.3	91.2	10.4	6.7	11.8	5.3	59.6	13.8	1.1	14.4	12.2	25	10.8	0	10.6	2.1
37748	92.5	30.9	10	30.3	10.8	88.8	21.5	4.7	27.3	5.7	91.2	45.6	9.6	55.1	12.5	91.8	29	12.6	29.3	16.4	90.4	12.2	6.9	13.7	7.9	80.5	15.2	2.7	15.7	9.4	51.7	12.5	0.3	12.1	4.5
37749	92.1	33.6	9.8	32.9	10.6	88.5	25.9	7.2	31.6	14.4	91.7	49.4	13.3	58.8	17.6	91.6	30.3	10.7	30.6	13.7	89.8	14.6	5	16	3.8	86.1	17.2	5.9	17.8	17.1	75.3	16.1	1	15.9	3
37750	92.3	37	10.2	36.2	10.9	88.4	28.4	7.3	33.9	15.6	88.2	51.3	11	60.7	24.3	88.7	30.7	15.3	30.7	27.9	91.1	18.2	7.2	18.9	6.2	88.6	13	8.5	13.3	17.5	84.6	19.1	2.5	19	3.2
37751	90.5	34.1	7.2	33.6	14	27.4	14.7	0	21.3	6	29.9	31.5	0	43.2	0.7	58	29.5	0.8	29.1	18.7	88.6	19.6	5.5	21	7.7	80	13.2	2.2	13.1	12.4	88.3	22.7	5.3	22	6.5
37752	79.9	29.7	3.9	29.8	8.1	48.2	13.5	0.3	20.1	12.4	44.7	31	0.2	41.9	19.8	47.7	26.1	0.8	26.7	31.2	50.3	15.6	0.7	18.2	5.4	25.8	6	0	7.6	18.4	55.8	19.4	0.4	19.8	5.3
37753	88.6	39.3	8.2	38.5	13.4	76.2	16.5	2.1	23.6	8.5	78.7	34	2.9	45.8	21.7	71.8	27.6	1.6	28.6	17.7	4.6	5.9	0	5	18.2	13.2	2.5	0	3.2	17.9	18.6	8.7	0	10.2	2.3
37754	93.2	43	10	43.4	7.2	87.9	21.6	5.2	28	7.6	90.1	38.3	7.1	50.4	10	87	31.8	9.2	32.7	17.4	45.1	5.9	0.2	5	13.8	39.7	2.2	0.1	2.7	18.6	12.6	4.4	0	5.9	4.3
37755	94	54.5	11.4	54.7	8.1	91.3	25.8	7.1	32.3	5.1	92.5	43.3	12.5	55.6	14	90.9	36.4	9.1	37.1	10.8	71.3	8.3	1	8	5.7	71.4	4.7	1.4	5.3	16	32.2	5.4	0	6.9	4.6
37756	93.1	58.7	10.1	58.6	8.7	91	29.9	7.1	36.6	7.1	92.5	47.3	11.5	59.5	12.5	91.1	40.3	9.8	40.6	12	86.4	12.2	4	12.2	5.4	84.4	7.4	4.5	8.2	16.1	61.3	7.3	0.7	9.4	6.2
37757	93.1	65	13.4	64	14.3	90.8	33.7	8.7	40.1	10.4	92.5	52.1	15.7	63.5	18.6	91	43.4	8.1	43.4	8.3	88.9	16.1	7.1	15.9	12.6	79.4	7.7	3.1	8.9	13.9	47	6.5	0.1	8.4	5.9
37758	75	62	2.4	61.7	8.9	84.9	35.7	3.2	42.3	9.5	92.3	56.2	7.8	67.8	4.8	89.3	46.3	7.6	46.6	14.3	84.6	17.1	3.2	16.5	6.8	59.1	6.2	0.8	7.8	12.7	61.7	8.3	0.4	10.9	5.5
37759	18	33.4	0	38.4	10.2	34.4	21	0	29.6	8.6	90.5	59	6.6	71	9	88.5	49.1	8.6	49.3	16.1	87.7	20.1	4.5	20.1	6.9	80.9	9.6	2.9	10.7	13.5	83.9	12.4	3	15.1	5.6
37760	23.1	17.2	0	24.1	11.4	25.9	9.2	0	14.9	10.7	37.4	41	0.3	53.5	1.3	73.2	48.2	1.6	49.2	5.8	88.9	24.2	8.5	24.2	16	88.2	12.8	10.5	14	22.7	92	17.8	8.5	19.5	6.2
37761	54.3	16.2	0.7	22.5	13.9	53.6	10.3	0.5	16.1	10.1	48	29.6	0.5	40.9	15.3	22.5	19.7	0	24	22.3	28.6	13.3	0	13.9	16	37.6	8.1	0.1	10.3	10.7	90.4	20.8	6	22	6.1
37762	76	18.3	2	24.3	15.9	72.3	12.6	1.7	19.1	10.7	78.6	32	3.1	44	20.4	65.7	22.4	1.7	26.5	19.8	65.4	15.6	1.4	16.2	19.6	67.3	10.7	0.9	13.3	9	56.9	13.8	0.3	16.7	5.4
37763	83.6	21.3	2.6	28.3	7	80.6	14.7	2.3	21.3	7.4	80.7	33.1	2.2	45.5	10.3	81.8	25.9	2.8	29.8	7.2	81.4	18.7	2.1	19.3	4.4	84.8	13.8	3.9	15.7	12.4	80.5	17.4	2.2	19.7	5.4
37764	83.2	23.1	4.8	30	13.7	84.9	16.5	3.8	23.9	12	86.7	35.8	5.2	49.1	12.1	81.5	26.8	3.9	30.8	7.1	90.8	23.7	6.6	23.7	4.7	91.3	17.7	14.4	19.6	20.2	86.2	21.2	3.8	23	5.6
37765	88	26.6	5.7	33.7	6.8	89.7	20.4	6	28.2	7.1	92.2	40	8.4	54.2	7.5	89.8	31.4	8.5	34.8	10.5	93.1	28.8	14.6	28.7	15.6	91.6	21.3	20.2	22.7	27	33.6	12.9	0	16.6	2.7
37766	91	31.5	7	38.1	5.3	92.3	25.2	7.3	33.3	4.2	93.8	45.8	11.1	60.7	8.3	91.7	35.6	11	38.4	12.4	93	32.8	18.4	32.8	20.9	60.3	18.3	1	21.2	12.8	28.1	7.8	0	11.2	2.2
37767	92.9	36.8	9.7	43	7.6	93.2	30.2	10.3	38.2	9.8	94.2	51.1	12	65.7	9.1	92.8	40.4	7.1	42.8	2.3	92.8	37	10.7	37	10.1	58.2	15.8	1.5	19.7	16.7	24.2	5	0	7.7	2.9
37768	92.3	41.1	15.8	46.7	19	92	34.7	14.7	42.5	19	93.8	56.3	20.6	71.6	20.5	92.8	45.4	13.6	47.4	13.3	92.8	42.2	7.8	42	3.8	81.4	19.3	3.6	22.5	11.8	22	2.8	0.1	4.5	2.5
37769	72.8	27.4	1.9	36	23.1	71	24.2	1.2	32.8	11.8	62.9	29.1	1.2	43.2	18.6	16.7	18.8	0	24.9	15	93.2	48.2	8.9	47.5	4.3	89.6	24	7.7	26.7	12.7	44.8	4.6	0	6.1	2.3
37770	86.6	31.4	3.4	40.3	5.4	83.7	27	2.8	36.4	6.8	87	34.3	8.5	48.6	20.9	63	18.6	0.8	25.2	13.3	90.9	50.7	7	50.4	7.7	86.2	25.2	6.1	28.4	16.9	47.8	4.5	0.1	6.9	1.9
37771	88.8	33.7	6.3	42.7	14.4	48.5	14.1	0.4	21.7	17.4	13.7	13.5	0	21.9	20	48	16.6	0.8	23.3	24.2	79	50.5	2	50.5	13.2	31.2	15.1	0	19.7	6	72.1	7.7	0.8	10.6	2.7
37772	88.2	36.2	5.4	44.9	10.8	73.2	16.8	0.8	24.7	4.6	46.9	15.6	0.1	25.6	2.4	70.4	18.5	1.4	25.8	12.4	84.7	52.6	4.3	52.3	15.4	48.7	11.8	0.5	16.5	20.2	58.3	7	0.3	10.4	3.8
37773	90.2	39.9	7.8	48.9	11.4	84.6	20	2.8	28.6	5	78.7	18.9	1.6	30.6	9.7	85.2	21.2	4.8	29.8	14.3	88.7	55.8	5.6	55.6	8.8	74.9	14.1	1.4	19.3	10.3	76.9	10	1.4	13.4	6.4
37774	91.5	44.5	7.7	52.9	7.2	89.7	24.2	5.9	33.4	5.1	88.7	23.8	4.9	36.2	6.1	89.1	25.3	5.2	33.3	5.2	89.9	59.2	10.2	59	17.8	85.3	16.7	4.4	23.3	13.2	85.6	13.1	3.2	16.8	4.8
37775	91.4	48.4	9.6	56.4	12.2	88.4	26.1	4.2	34.8	3.8	91.6	30.9	8.2	42	8.1	91.1	29.9	7.2	37.8	6.7	91.3	63.2	6.7	63.1	5.6	90.5	20.7	7.9	27.2	10.4	89	16.9	4.7	20	3.5
37776	89.1	51.9	6.6	60.1	10.6	85.7	28.5	4.2	37.8	5.7	91.6	32.9	7.4	47.1	5.9	91.8	34.8	7.9	42.4	6.2	92.8	68.6	10.6	68.5	10	91.5	25.3	8.6	31.5	9.4	90.1	20.4	6.3	24	6.5
37777	90.7	55.9	6.4	63.7	8	88.3	31.7	5.2	41.7	8	92.4	38.1	10.6	53.5	10.9	93.1	39.8	13.2	46.9	12.9	89.8	71.5	5.5	71.6	3.3	91.8	30.1	8	36.3	7.2	52.3	14.7	1.2	18.7	3.2
37778	83.4	56.4	3.3	64.8	9.6	69.4	27.3	2.4	36.9	9.5	83.9	39.8	3.7	55.8	12.8	81.4	39.4	3.2	47.1	11.4	84	71.6	3.6	71.6	11	74.6	28	3.1	35.4	7.8	78.5	18.9	1.9	23	4.2
37779	85	59	2.8	67.4	7.6	63.8	24.7	0.7	35.8	4.3	81.2	38.5	4	54.7	13.7	84.9	41.4	4.3	49.3	13.5	88	74.7	4.2	74.6	6.1	35.4	16.8	0	24.8	5.6	76.3	19.4	1.2	23.9	2.6
37780	57.1	41.2	1.2	52.7	9	38.4	14.9	0.1	24.5	5.2	33.7	21.9	0	34.8	8.7	77.3	41.9	4.6	50.7	16	85.8	76.3	3.1	75.2	5.7	38	11.6	0	18.8	8.4	57.7	14.1	0.7	19.6	4.1
37781	75	42.8	2	54.8	8.1	62.5	17.2	0.6	27.6	3.6	54	21.3	0.3	33.7	5	59.9	31.3	1	41.6	9.4	62.7	44	1.5	50.2	18.4	13.3	4.9	0	7.4	16	14.7	5.8	0	9.1	5.4
37782	86.8	47.1	4.7	58.5	10.2	72.6	17.1	0.9	27.6	5.2	63.5	22.1	0.6	35.2	5.5	80.2	34.3	1.8	45	6.8	71.4	36.9	2.3	44.2	13.4	32.9	5.2	0	8.7	8.2	41	6	0.2	8.6	4.1
37783	88.2	50.5	4.9	62.6	8.2	85.5	21.3	3	33.1	3.4	84.6	27	2.7	41.2	3.7	83.7	35.9	2.8	47.4	8.9	83.3	34.9	3.3	42.8	12.5	56.7	4.8	0.8	6.8	17.6	10.5	2.1	0	3.1	2.9
37784	42.6	34	0.1	46	10.1	27.8	10.7	0	18.3	7.2	75.9	26.1	2.8	40.8	16.7	86	39	4.6	50	13.6	87	36.7	6.9	45.4	13.7	81.4	7.8	3	11.1	15.7	51.2	5.7	0.3	7.2	3.7
37785	53	25.8	0.8	37.4	18.3	47	10.1	0.5	17.4	6.9	78.1	26.1	4.4	41.8	22.5	77.5	39.1	1.8	50.6	10	90.3	40.6	6.3	49	5.4	87.3	11.1	4.1	14.8	6.8	60	6.7	0.5	8.6	2.1
37786	76.8	28.8	1	41.6	4.2	75.2	13.8	2	23.4	4.8	87.1	30.2	3.9	46.1	6.8	66.6	35.4	0.9	46.4	8.3	70.1	38.1	1.5	47.7	16.2	86.3	13.3	5.8	17.7	16	64.4	7.7	0.8	10.5	4.6
37787	88.4	33.2	6.6	46.8	13.6	85.4	18.1	5.6	28.4	8.7	90.3	35.3	6.8	52.3	8.3	84.2	39.3	3.2	51	6.2	85	41.2	3.1	50.8	3.3	89.5	17	6.6	21.4	9.9	79.2	10.9	2.6	13.9	4.5
37788	61.9	18.7	0.7	30.1	10.6	82	20.7	2.2	32.5	4.1	90.6	39.6	8.8	58.2	12.9	88.6	43.5	6.5	56	7.7	91.7	46.1	10.4	55.7	11.9	91.7	22	8.2	26	8.5	85.2	14.9	3.3	17.1	3
37789	84.5	23.5	6.7	36.1	16.5	87.7	24.9	4.7	37.7	7.3	86	40.7	7.3	59.5	17.3	61	38.3	1.2	49.8	13.7	91.2	49.9	6	59.3	3.5	91.7	26.9	10.2	30.3	11.9	89.3	19.2	5.9	21.6	5
37790	85.7	26.9	3.9	40.7	14.3	87.8	28.4	5.7	41.9	8.8	66.9	23.9	1.3	38.7	18.3	55.5	27.2	0.7	39	13.3	86.8	51.7	8	62.1	16.8	88.6	29.7	6.4	33.7	10.4	88	21.7	4.2	24.5	4
37791	90.3	31.7	7.4	46.1	10.9	89.1	32.1	5.2	46.4	5.6	86.6	28.3	3.6	44.7	7.9	79.7	30.8	2.2	42.6	9.3	88.1	54.7	8.4	65.1	17.6	89.4	32.7	8.3	36.1	15.7	87.2	23.5	4.1	26.8	9
37792	90.8	35.7	12.4	51.3	18.4	90.5	36.1	14.3	51.4	20.8	91.2	33.2	14	50.8	20.4	89.2	35.1	7.3	48.4	12.2	90.9	58.9	7.3	69.1	5.7	90	36.8	7.2	40.1	10.4	89.7	27.5	5.7	29.8	7.2
37793	91.3	40.6	11.2	56.9	15.6	90.4	40.6	11.3	56.3	17.7	93	37.7	10.6	57	9.3	92.8	41.1	12.8	55.1	14.4	92.3	63.9	8.4	73.4	6.4	92.2	41.7	10	45	10.1	91.6	32.4	6.6	34.7	3.9
37794	89.8	44	11.5	60.9	18.9	88.2	43.3	5.7	59.2	10.1	90.9	41.8	9.9	62	14.3	91.1	44.9	9.2	59.6	11.9	92.7	69.2	9.9	78.1	8.2	92.5	47.6	9.8	49.7	9.2	92.3	37.7	8.1	39.8	5.2
37795	50.6	26.1	0.9	39.9	13.4	44.4	22.8	0.2	35	5.1	83.2	41.8	4.1	62	13.7	90	48.1	6.4	63.6	12.7	93.2	74.5	9.6	83	5.7	92.5	52.7	10.4	54.6	10.4	93.1	43.6	9.2	45.6	6.2
37796	77.2	28.7	2	43.7	9.6	43.2	13.1	0.2	22.3	4.9	48.2	30.2	0.1	48	9.5	88.9	50.5	2.8	66.4	0.4	88.4	76.8	5.4	85.6	6.4	90.8	56.8	9.4	58.7	13.5	92.9	49.2	9.5	50.7	7.6
37797	28.2	17.7	0	28.3	13.1	12.2	5.9	0	10.3	3.6	25.7	12.1	0	21.1	12.8	11.9	20.2	0	31.8	9.9	76.1	75.6	1.2	86.1	2.6	88.1	59.2	5.2	61.6	9	90.5	53	6.9	54.4	7.6
37798	6.8	7.5	0	13.9	15.1	12	2.6	0	5.2	16.8	16.8	5.6	0	10.3	14.5	0.2	8	0	14.2	15.9	69.5	69.3	1.3	82.3	13.8	74.4	55.5	3.4	59	20.2	90.9	58.1	9.3	59.4	13.1
37799	34.1	6	0	11.2	4.7	37.8	3.6	0.1	6.4	3.5	41.4	5.4	0	9.8	11.1	6.4	3.5	0	7	13.4	57.5	60.3	0.5	75.7	5.1	76.6	57.9	2.9	61.6	14.5	62.4	32.3	0.6	38.6	10.8
37800	73.6	9	1.6	16	15.1	25.5	2.1	0	4	11	69.8	7.5	1	13.2	10.3	54.9	5.7	0.6	10.9	15.8	57.7	51.5	0.4	69.5	1.8	81.1	59.3	2.6	63.7	10.5	78.7	35.1	1.4	41.4	4.7
37801	79.3	10.9	1.2	18.6	3.7	38.1	2.1	0.4	3.7	8.1	77.1	8.4	1.4	15.1	9.8	76.4	8	1.4	14.7	10.1	72.6	53.3	0.8	71.7	3.7	65.5	44.8	0.8	54.7	7.5	43.5	17	0	24.7	6.5
37802	78.6	10.8	1.1	19.5	4.1	73.1	5.1	1.6	9.5	7.2	85.8	11.6	3.9	20.8	10.1	84.9	10.5	5.4	18.8	17.3	80.3	56.1	2.6	75.1	10.4	81.1	46.7	2.5	56.4	11.3	66.9	17.9	0.9	25.7	7
37803	83.7	13.1	1.7	22.7	6.5	83	8.1	3.2	14.1	9	89.5	15.6	6.8	26.8	11.2	69.6	9.6	2.6	16.8	12.8	27.4	32.6	0	49.9	2.3	86.5	49	4	59	9.7	83.7	21.2	2.5	29.3	6.9
37804	39.7	6.8	4.8	11.8	15.2	84.7	9.9	2.6	18.2	4.4	57.2	8.8	0.7	15.8	14	48.8	4.3	0.1	8.4	9	10.9	16.9	0	29.1	2.2	88.1	51.9	5.9	62.1	14.1	86.6	23.3	4.6	32.4	8.4
37805	70.9	8.1	1	14.1	9.9	68.7	7.9	1	14.1	8.9	52.6	6.4	0.4	11.6	9.3	20.8	1	0	1.7	4.7	9.5	7	0	13.7	2.6	47.2	33.1	1.4	45.4	7.2	88.2	26.2	4.8	35.9	7.4
37806	58.9	7.3	1.1	12.4	8.8	86.2	11.4	6.9	19.9	17.2	82.3	9.7	2.9	17	12.7	73.6	4.8	1.4	8.1	12.8	25.2	7.4	0.2	15.3	4	78.2	36.1	3.3	49.4	13.4	68.6	21.1	1.1	30.2	7
37807	61.8	7.9	1.1	13.1	4.7	87.4	14.2	3.7	23.8	5.3	79.9	11.1	1.7	19.6	5.1	84.1	7.7	3.5	11.8	14.4	56.9	10.5	0.8	19.3	5	87.7	40	7.5	53.7	13.3	86.9	25.2	5.2	35.1	10.2
37808	67	8.6	1.4	14.4	10.1	58.5	10.5	0.8	18.1	7.7	83.3	13.2	2.5	23	7.3	82.9	9.2	3.9	14.3	12	75.4	12.5	1.6	23.4	5.3	78.7	41.2	3.1	54.8	9.4	88.7	28.5	4.9	39.1	6.1
37809	29.5	3.6	0	6.5	17.2	60.4	9.6	1	16.2	14.5	58.8	7.5	1.3	13.4	22.5	74.7	8	3.6	12.5	30.1	44	9	0.7	17.3	3.9	87.3	44.5	6.6	58.8	15	87.3	30.3	3.9	41.7	6
37810	45.6	3.6	0.1	6.5	8.2	62.1	9.6	0.7	17	5.1	69.5	8.6	0.9	15.3	5.7	73.1	7.7	1.7	12.8	13.8	25.3	6.4	0	13	5.4	87.5	47.5	7.5	61.7	16.7	88.6	33.9	5.5	45.7	9.6
37811	76.3	6.6	1.3	11.6	8.3	74.4	11.1	1.2	19.7	5.9	77.1	10.5	1.5	17.5	9.6	82.4	10.7	3.2	16.3	10.5	55	8.7	0.3	16.5	3.4	88.4	49.5	6.2	64.7	11.4	89	36.8	5.1	49	6.7
37812	82.7	9	2.2	15.3	6.5	78.9	13.1	1.5	21.8	3.3	19.9	4.8	0	9.1	4.4	42.6	7.2	0	12.1	7.8	77.8	11.7	2.4	21.6	7.3	88.3	52.4	7.3	67.7	14.5	89.6	40.1	6.4	52.5	9.3
37813	76.4	9.8	1.5	16.7	3.1	76.7	12.7	1.3	21.7	3.7	63.9	7.5	0.9	13.6	12.1	39.7	5.2	0	8.8	7.3	51.7	8.8	0.6	17.6	13.8	14	21	0	31.9	14.1	29.6	21.8	0.1	33	4.8
37814	78.1	10.5	2.1	17.8	9.7	84.9	15.5	2.9	26	7.1	76.8	9.7	1.3	16.2	6.3	64.4	5.8	0.7	9.7	9.2	66.8	9.6	1.5	17.5	15.1	48.4	10.6	0.4	18.1	17.2	23.3	13.3	0	21.8	7.3
37815	86.6	13.5	5.4	22.4	13	87.2	18.2	4.8	30	10.9	85.5	12.3	6.8	20.7	18.3	84.9	8.9	3.7	14.9	15.3	82.8	13.7	2.6	23.8	3.8	79.6	14.2	1.8	23.1	7.9	67.1	15.5	0.9	25.5	9.2
37816	61.6	12	1.5	20.1	6.2	32.5	10.2	0	18.1	4.2	79.5	13.1	2.6	22	11.4	84.9	11.1	4.3	18.2	17.7	83.4	14.7	2.4	25.9	7.2	86.9	17.2	7.8	27.1	20.4	75.7	14.3	1.9	24.2	9.2
37817	73	12.1	2.2	20.2	7.9	61.3	12	0.5	20.7	3.1	59	7.4	0.9	12.9	16	37.3	4.6	0	7.1	16.5	21.9	7	0	13	3.1	21.8	8.3	0	14.3	11.1	85.4	17.8	4.5	28.3	11.9
37818	78.1	12	3.9	20.5	22.8	63.7	11.6	0.7	19.9	5.4	74.3	8.6	1.6	14.9	13.8	76.1	7.6	2.4	10.8	19.8	56.8	6.5	0.6	12.1	12.1	53.5	7.4	0.5	13.1	11.4	48.4	12.8	0.4	21	7.9
37819	88.1	15.5	5.7	25.5	11.4	82.2	14.7	2	25.2	4.5	86.2	12.3	4	19.9	10	80.9	9.6	4.1	12.8	14.5	69	6.6	2.3	12.2	19.3	78.4	9.9	2.2	16.9	14.6	66	14.2	0.8	23.6	6.3
37820	90.2	19.5	6.3	31	6.5	87.9	18	4.5	30	6.6	90.8	16.3	9	25.3	12.3	88.3	12.5	7.9	16.9	16.2	79.6	8.5	3.1	15.6	15.1	83.7	11.5	3.9	20.4	14.1	77.9	15.5	2.4	26	8.8
37821	83.5	19.6	5	31.5	9.6	88.1	20.7	4.9	34.4	7.1	89.7	19.5	7.5	29.4	11.8	82.1	13.3	2.7	17.7	5.3	72.4	8.3	1.3	15.5	7.1	84.9	14.3	5.4	23.4	13.3	73.9	17.4	1.8	28.5	8.7
37822	36.7	11.5	0.4	20.4	9.2	85.2	23.1	4.5	36.9	9.3	88	22.1	5.4	32.1	8.1	77.6	13.7	1.2	18.6	0	77.2	9.9	1.1	17.5	3	84	15.4	2.5	25.4	8.4	65.8	17.6	0.8	28.6	5.9
37823	62.8	11.9	0.8	19.9	7.4	62.9	16.7	0.8	28.3	7.8	59.9	13.9	1	22.2	10.3	61.7	12.1	0.9	17.8	11.5	79.7	10.3	1.7	19.3	8.2	76.6	14.9	2.4	25.1	13.5	43.2	11	0.1	18.9	3.4
37824	78.6	14.2	1.7	23.8	4.7	78.7	19.7	1.9	32.4	3.9	75.8	15.9	1.7	25	9.9	76.3	13.3	2	20	13.6	78.8	12.4	2.3	22.1	13.1	82	16.5	3.2	27.1	14.8	61.3	11.8	0.6	20.8	4.6
37825	87.6	17.6	5	28.3	9.9	87	22.9	4.5	37.3	5.9	81.5	17.7	2	28	3	86	16.2	4.2	23.4	10.6	79.4	12.2	3.3	21.9	13.9	77.6	16.8	3.6	26.8	14.1	75.3	14	1.1	23.1	6.3
37826	86.6	19.6	4.1	31.7	12.7	86.7	24.9	4.3	40.4	8.7	87.6	20.8	6.2	31.9	14.3	83.1	18	6.8	25.9	17.2	84.3	14.8	2.4	25.7	4.1	86.8	19.8	4.6	32.2	6.2	74.2	14.1	1.3	23.2	6.2
37827	83.5	18.4	3.7	30.6	11.6	85.7	27	2.8	43.1	2.5	86.9	22.9	5.6	34.4	13.5	86.2	20.5	4.8	28.7	12.9	69.1	12.7	2.2	22.6	14.1	89.1	22.9	14.6	35.7	27.2	83.4	16.5	3.2	26.8	9.5
37828	67	17.8	3.8	28.8	14.1	75.4	21.7	2.4	35.8	16.1	86.9	25.1	5.4	37.5	14	73.5	18.6	1.9	27.3	9.1	75.1	14	1.2	24.5	1.2	54.5	18	0.7	29.1	12.6	73.8	16.4	1.5	28	6.7
37829	75.1	19.2	2.2	30.6	3.8	84.3	24.5	2.6	39.9	3.9	69.3	19.8	1.2	31.3	6	61.1	12.3	0.6	19.1	8.9	52.3	7.2	0.6	12.7	18.2	39.2	10.2	0.6	18	15.2	50.2	11.6	0.3	20.1	6.6
37830	86.5	22.6	5.1	34.8	11.9	87.3	27.9	3.3	44.6	0.8	85.5	23.1	5.4	35.4	16	77.4	14	1.2	21.9	5.7	77.6	8.9	2	16.7	12.8	61	10.9	0.8	19	14.5	75.1	14.5	1.5	24.4	8.7
37831	55.2	19.2	0.7	30.3	5.5	88.1	30.8	4.8	48.9	5.1	83.8	24.6	2.8	37.3	6.2	67.3	10.1	1.5	14.1	6.6	81.2	10.1	1.7	18.9	4.1	61.4	9.4	0.6	16.9	8.3	80	16.2	2.3	27	6.7
37832	21.6	8.1	0.1	14.1	4.1	42.5	16.1	0.1	27.4	3	46.2	14.8	0.2	24.1	5.8	20.6	5.2	0	8.2	3	85.5	12.7	4.1	22.2	12	74.9	10.4	1.4	18.6	11.8	68.9	12.9	1.2	22.2	5.7
37833	21.3	4.8	0	8.6	8.8	50.2	12.9	0.3	23.2	8.3	30.1	8.9	0	15.1	1.1	1	1.8	0	2.8	11.3	77.9	12.2	2.8	21.2	13.3	79.5	11.2	2.4	20.1	12.8	83.9	15.7	3.2	26.6	9.1
37834	16.9	1.9	0	3.6	9.5	60.8	12.2	0.5	21.5	7.4	20.6	5.1	0	9.6	3	18.9	1.3	0	2.1	4.3	58.7	9.2	0.4	17.6	2.4	72.8	10.6	2.7	18.4	14.5	63.5	11.4	1.4	20.5	4.5
37835	10.8	0.2	0	1	10.1	29.8	8.1	0.1	15	3.5	44.8	5	0.1	9.7	11.1	25.3	1.8	0	2.1	7.5	33.1	5.3	0	10.5	3.2	59.1	7.6	0.7	13.5	11.8	65.5	12	0.7	21.4	3.6
37836	31.6	0.5	0	1.1	6.3	41.7	6.2	0.1	11.7	5.7	63.5	5.3	0.7	10.4	9.2	40	1.6	0.4	1.7	11.5	32.3	4.1	0.2	7.2	4.8	76.4	8.8	1.3	16.2	7.8	68.9	13.4	0.8	22.9	5.5
37837	56.8	2	0.4	3.8	4.8	67	8.4	0.7	14.7	3.3	78.5	7.1	1.5	13.3	6.2	59	2.8	0.5	3.7	6.8	38.5	4.7	0.3	8.5	2.8	23.9	4.1	0.1	7.4	6.1	55.6	9.8	0.5	17.2	5.7
37838	75.7	4	1	7.2	4	66.9	8.3	0.7	15	3.2	83.9	9.1	2.8	16.3	7.7	78.5	4.6	2.6	6.9	9.4	20.9	3.3	0	6.1	9.6	45.1	4.2	0.3	7.9	5.5	62.6	9.4	0.6	16.4	3.9
37839	67.4	4.1	0.9	7.2	9.8	78.6	10.4	1.4	18.3	5.1	84.4	11.5	4.2	19.5	11.9	83.6	7.4	4.3	9.6	13.6	37.1	3.5	0	6.6	8.9	45.3	2.6	0.2	5.9	8.6	35.9	6.7	0	12	3.1
37840	81.3	6	2.1	10.4	7.6	57.3	9	0.6	15.8	5.2	57.5	6.8	0.5	12.1	9.3	81.7	7.7	2.9	10.4	11.8	19.8	1.7	0	3.8	15.1	26.6	1.3	0	2.3	13.4	47.7	7.1	0.2	12.6	2.7
37841	88.1	9.4	4.5	16.1	6.6	81.3	12.1	2.6	20.9	9.3	81.2	9.2	1.9	16.6	7.1	84.3	9.7	3.6	13.4	10.5	37.7	2.5	0	4.6	13.8	32.2	1.2	0	1.9	9.3	60.7	7.4	0.6	13.7	3.8
37842	71.8	8.3	2.2	13.8	10.6	86.2	14.5	3.1	25	4.2	85.6	11.6	3.9	20	10.5	85.8	11.8	4.1	16.1	11	64.1	4.9	0.6	8.8	1.6	46.8	1.9	0.2	3.8	5.6	78.6	9.5	1.3	17.3	5
37843	83.2	10.2	2.9	17.1	10.8	83.4	15.6	2.7	27.1	6.3	84	13.3	3.8	22.7	10.5	64.5	9	0.7	12.8	11.2	77.5	6.3	1.6	12.3	5.7	78.5	4.7	1.6	8.6	8.1	71.2	9.1	1.1	16.8	4.4
37844	86	12.4	3.5	20.5	7.2	85.9	18.2	2.9	30.5	3.8	86.8	16.2	5.1	26.6	11.1	76.6	11	1.8	15.2	7.7	70.6	6.4	1.4	12.2	12	71.1	4.5	1.6	9.2	15.3	66.9	8.7	1.2	15.6	7
37845	87.4	15.2	4	24.4	6.2	86.1	20	3.6	33.9	6.2	88.5	19.1	4.4	30.7	4.1	84.5	12.9	4.1	18.4	13.2	83.1	9.4	2.7	16.5	5.4	82.9	7.1	2.8	13	6.3	79.8	10.6	1.9	18.5	6.2
37846	88.2	18.1	6.6	27.9	13.8	87.9	22.5	5.1	38.1	8.9	88.8	21.7	6.7	34.4	11.9	86.5	15.6	4.8	20.9	10.9	86.4	11.6	3.8	20.5	7.6	89.2	11.1	5.9	18.9	7.9	86.9	13.8	3.6	23.3	5.9
37847	88.2	20.3	7.1	32	15	88.1	25.6	6.1	42.3	12	88.7	24.5	9.3	38.4	18.8	86.6	17.5	8.4	23.7	22.7	87.4	14	6	24.8	14.4	89.3	13.5	8.5	23	14.9	91.2	17.6	7.2	28.9	7.2
37848	90.5	24.1	6.4	36.4	9.3	88	28	4.9	46.1	6.5	83.4	26	6.3	40.6	13.7	84.9	19	3.7	25.3	9.5	87.3	16	4.6	28	7.8	88.4	16.1	8.3	26.3	17.6	88.7	20.3	5.6	32.4	8.9
37849	89.1	26.6	5.9	39.7	6.7	90.1	31.8	5.9	50.9	6.3	86	27.2	4.4	42.2	6	78.5	17.8	3.4	24.3	13.4	16.6	7.4	0	13.7	8.3	60.8	12.2	1.7	20.9	9.7	87.6	22.3	3.6	35.6	6.2
37850	89.4	29.6	5.1	43.4	4.9	89.9	35.1	6.5	55.4	7.4	88.7	30.3	7.1	45.6	12.7	84.7	20.2	3	27.3	6.9	42.8	8.8	0.2	16.1	2	79.2	14.2	2.2	24.5	8.7	87.4	25.1	3.9	38.5	6.5
37851	81.2	30.3	3.1	44.9	4.2	89	37.8	4.9	58.7	5.4	89.1	33.3	6.2	49.7	9.8	81	18.9	2.2	27.1	9	75.6	11.1	1.9	20	14.5	86	17	4.1	28.4	9.7	89	27.7	4.6	42	3.8
37852	66.9	25.8	1.7	40.1	7.3	78.1	36.2	3	57.4	6.1	85.4	35.1	3.2	52.5	9.8	79	18.9	2.5	26.7	8	68.3	10.7	0.7	18.4	2.5	87.8	20	6.9	32.1	16.4	89	30.7	5.5	45.9	7.8
37853	68.9	24.9	1.7	38.8	3.1	58.6	26.4	0.6	43.9	7.7	86.9	37.8	4.1	55.8	11	42	5.1	0.2	7	14.3	18	4.8	0	8.7	4.3	85.4	21.1	4.7	34.5	13.9	88.8	33.4	5	49.3	6.4
37854	41.4	9.9	0.3	16.1	19.5	57.4	12.6	0.9	22.5	16.7	52.1	18.1	1.8	29.9	32.4	29.8	3	0	3.1	21.4	65.5	6	1.5	11.8	21.2	83.5	22.5	4.3	35.7	20.3	88.9	35.6	6.8	52.4	13
37855	72.9	11.1	1.4	19.1	14.3	77.7	14.9	1.3	26.8	2.9	79.3	20.1	2.6	33.1	16.1	67.7	4.4	1.9	5.3	20.5	52.3	3.9	0.7	7.1	20.2	82.9	21.2	4.9	35.1	18.6	63.9	20.6	0.7	33.2	9.6
37856	83.6	13.2	2.6	22.2	8.1	84.4	16.9	3.2	29.9	10.1	83.1	21.2	3	35.1	12.1	81.9	6.5	3.3	8.1	13.2	76.2	5.2	1.9	10	15.9	86.7	23.2	5.6	38.1	14.7	83.7	22.8	2.3	36.9	8.6
37857	85	15.2	3.6	25.2	9.8	85.8	19	3.5	33.2	8.3	85.1	23.5	3.6	37.7	10.6	81.7	7.6	2.9	9.9	11.6	77.9	5.5	1.5	10.6	7.4	76.9	23.5	1.8	37.6	9.5	87.8	25.7	4.5	40.6	7.2
37858	87.3	17	3.8	27.9	10.4	41.2	12.7	0.2	22.5	6.4	83	23.7	2	38.5	2.5	80.4	8.3	3.4	10.3	14.3	53.8	4.2	0.3	8.2	3.6	65.6	18	0.9	31.3	10.1	87	27	4	42.8	7.1
37859	72.9	12.3	3.9	20.8	30.1	76	15	5.2	26.5	15.8	80.6	19.6	4.8	32.7	24	78.8	8.6	4.4	10.7	23.4	71.8	6.3	1	11.5	4.2	56.6	14.2	0.7	24.8	11.2	82.1	28.2	2.1	44.4	6.5
37860	74.9	12.7	1.1	21.7	2.1	82.2	16.3	2.1	28.8	4.7	84.9	21	2.8	35	5.1	82.5	9.6	3.2	12.7	13.1	74.9	6.5	1.8	11.8	17.7	72.9	15.2	1.8	26.7	12.1	73.8	25.7	3.3	39.7	8.9
37861	17	5.6	0	10.2	9.5	14.8	6.4	0	11.5	3.3	14.9	8.7	0	15.8	8.6	12.3	4	0	5.7	14.8	76.5	6.7	1.3	12.8	9.3	80.9	16.3	2.9	28.7	13	80.9	27.9	3.1	42.3	6
37862	28.7	3.9	0	7.2	13.7	40.9	5.7	0.2	10.7	13.5	46	8.4	0.2	14.9	12.5	44.8	3.9	0.3	6.3	16.2	24.1	3.1	0	6.1	17.3	53.9	9.1	0.7	16.3	20.1	16.8	10.2	0	17.9	6.9
37863	66.8	5.3	1.1	10.1	15.3	71.5	7.3	1.4	13.4	12.6	67.1	8.2	1.4	14.8	15.7	72.5	5.7	2	8.5	21.6	63.1	5.1	1	9.1	13.7	69.1	9.2	1.2	16.9	13	53.2	12.3	0.3	21.7	5.7
37864	57.9	4.2	0.7	8.2	8.8	82.9	9.3	2.4	16.6	8.5	81.2	9.4	2.7	17.3	14	73.5	5.9	1	9.1	9.6	79.5	6.9	2.6	11.9	14.7	83.6	11.2	4.7	20	19.1	78.6	14.8	1.4	24.6	6.7
37865	76.1	6.5	1.5	12	5	79.8	10.2	2	18.8	4.9	51.7	6.8	0.6	13	7.2	76.7	7.3	1.2	10.8	6.9	64.4	5.4	1.1	10.7	6.6	85.8	12.8	3.3	23	6.5	85.7	17	3	27.7	6
37866	79.5	7.9	2	13.7	12.1	80	11.5	2.8	20.3	16.5	80.7	9	4.4	16.8	24.1	79.2	8.5	4.6	12.3	18.2	78.5	7.4	1.7	14	3.7	83.1	14.9	2.5	25	6.6	85.3	18	3.2	29.8	7.4
37867	62.5	6.8	1	12.4	18.1	70.3	10	1.4	17.6	9.9	78	9.6	4.6	17.3	27.1	43.9	5.4	0.4	8.8	19.4	54.6	4.3	0.5	8.6	12.4	59.3	12.8	3.7	22.2	17.9	84.1	18.9	2.8	30.4	7.5
37868	76.8	7.9	2.1	14.1	12.9	80.7	11.2	1.7	20	6.6	78.7	10.6	1.3	19.3	2.9	64.2	6.7	0.8	10.2	7.6	48.5	2.4	0.4	5.1	20	30.4	6.9	0.1	12.7	16.5	48.9	13.7	0.3	22.9	7
37869	85.2	10.1	5.4	17.5	15.4	85.9	13	4.8	22.5	12.6	86.1	12.8	6.4	22.5	18.8	79.5	8.4	2.7	12.5	13.6	75.9	4.4	1.6	8.4	13.6	67	8.9	0.9	16.3	9.3	72.2	14.7	1	25.2	6.2
37870	86.9	11.9	3.2	20.6	5.8	85.4	14.1	3	24.3	5.6	86.9	14.8	3.8	25.6	6.4	82.5	9.3	2.3	13.6	9.5	78	5.1	1.7	9.4	12.1	79.5	9.8	2.1	18.3	11.8	83.2	16.9	2.7	27.7	8.7
37871	87.5	13.4	4.6	23.5	8.6	84.3	15.2	2.7	26.1	6.9	86.6	16.7	4.8	28.4	11.9	83.2	10.3	3.5	14.7	14.1	82.5	6.5	2	11.7	3.7	84.1	11.8	3.4	21.2	11.8	83	17.3	2.3	28.9	6.5
37872	87.7	16	4	27.1	5.7	88.7	18.4	5.6	30.4	6.8	87.7	18.9	3.8	31.8	3.7	84.1	11.4	3.1	16.5	10.3	83.5	7.4	2.3	13.4	5.2	86.2	13.8	3.6	23.6	6	86.2	19.4	3.4	31.2	6.5
37873	89.2	20.6	11.7	33.7	19.9	88.7	20.9	9.6	34	13.8	88.8	21.7	15.6	35.7	28.1	87.2	13.3	5	19.6	13.6	85.8	9.4	4.5	16.5	12.7	87	15.1	6.6	26.5	17.1	87.4	20.5	3.9	33.9	5.5
37874	86.1	22.5	5	36.7	16.6	55.8	16	0.6	27.8	5.6	86.9	23.1	5	37.9	12.8	87.8	15.4	6.9	21.8	17.5	85.9	10.7	3.7	18.8	9.2	87.9	17.7	4.3	30.4	6.4	88.6	23.3	4.6	37.1	5.1
37875	74	19.4	2.5	32.3	14	54.5	12.8	0.6	22.5	14.3	85.2	24.2	5.7	39.8	18.8	85.1	16.4	4.9	22.7	16.4	88.3	13.4	5.8	22.6	10.6	88.5	20	7.2	34.1	14.8	88.6	25.3	4.3	40	3.9
37876	53.9	14.2	1	24.9	13.5	57	10.8	0.8	19	12.4	11.4	8.4	0	15.3	2.8	50.1	13	1.1	18.7	15.9	88.4	15.8	9.7	26.5	20.7	87	21.5	6.8	35.9	17.3	88	27	5	42.7	8.7
37877	14.3	6.6	0	13	3.4	32	6.9	0.1	12.2	10.7	18.6	8.3	0	15.2	18.1	42.7	8.6	0.5	13.7	19.9	82	15.8	2.1	26.8	7.1	86.6	22.6	5.7	38	16.4	87.8	28.6	4.7	44.8	7.9
37878	35.1	6.7	0	12.7	5.6	48.5	7.3	0.4	13.6	6.1	49.6	9.1	0.2	16	7.9	58.1	9.6	0.5	15.5	2.7	76.8	16.3	1.6	27.6	2.8	84.4	23.9	3.4	39.8	12.7	81.8	29.4	2.1	45.6	8.1
37879	52.5	7.6	0.3	14.2	5	70.1	9.5	0.9	16.9	5.7	70.7	10.3	1.2	18.1	11.8	73.3	11.1	1.3	17.3	8.2	11.5	6.7	0	12.6	11.9	42	17.3	0.1	30.3	7	70.8	28.4	1.3	44.2	8.5
37880	72.7	8.8	1.1	16.1	9	81.1	11.2	1.8	19.7	5.1	83.2	12.2	3	21.3	12.2	81.9	12.3	3.1	18.7	12.3	0.2	2.9	0	4.6	11.7	18.9	10.7	0	19.8	8.7	35.1	12.8	0	21.7	6.7
37881	24.6	5	0	9.2	10.4	41.1	7.2	0.2	13.4	8.2	57.3	7.2	0.9	12.6	18.1	47.8	6.8	0.5	11.3	15.4	37.6	3.4	0	6.5	4.7	64.3	12.6	1.1	22.8	15	70.9	14.9	0.9	25.1	6.1
37882	5.1	2	0	3.6	5	17.6	3.3	0	5.8	12.3	61.7	7.1	1	12.5	11.8	69.8	7.7	1.5	12.5	15.9	76.1	5.4	1.8	9.7	14.7	81.9	14.7	3.4	25.8	17.7	84.4	16.9	3.1	28	8.9
37883	9.2	1.2	0	2.2	13.4	35.4	2.8	0.5	4.9	13.5	11.6	2.6	0	4.3	24.8	37	5.6	0.1	9.5	12.6	35.6	3	0.2	5.4	3.5	19.7	7	0	13.3	6.6	71.7	15.9	1.1	26.9	10.7
37884	22.2	1.5	0	3	0.6	56	3.6	0.5	6.8	4.8	36.3	3.2	0	5.8	2.7	39.3	3.8	0.2	6.1	14	15.4	1	0	1.6	12.5	28.8	3.4	0	6.7	12.7	36	8.4	0	14.9	5.7
37885	47.2	2.4	0.2	4.4	9.1	62.9	4.2	0.9	7.4	11.7	67.6	4.2	1.2	7.6	14.9	73.2	5.4	1.9	9.1	21.1	46.7	1.9	0.2	3.5	10.5	58	4.3	0.6	9.2	8.3	53.4	9.2	0.3	16.3	2
37886	26.5	0.9	0	1.8	6	36	2	0.1	4.3	17.2	46.6	3.1	0.4	4.7	17.1	24.9	2.5	0	4.4	9.4	59	2.4	0.9	3.9	14.3	60	5	0.7	9.4	10.6	64.1	9.1	0.6	16.9	8.2
37887	10.6	0	0	0.1	8.4	54.2	2.8	0.5	5.6	8.4	52.2	2.9	1	5.2	18	22.8	1.1	0	1.9	16.7	24.1	0.9	0	1.1	11.8	41.5	2.3	0.2	5.3	16.7	23.3	4.6	0	8.2	6.4
37888	3.5	0	0	0	9.5	44.6	2.2	1.1	4.3	27.3	47.7	1.5	0.6	3	23.2	36.6	0.4	0.2	0.9	24.9	7.4	0	0	0	13.5	60.1	3	1.3	6.1	23.4	51	3.3	0.2	5.8	10.5
37889	19	0	0	0.7	8.8	40.7	2.1	0.2	3.6	6.1	27.5	0.7	0	0.8	10.4	13	0	0	0	13	17.5	0	0	0	16.8	32.2	1	0	2.3	9.1	21.2	1.3	0	2.3	8.3
37890	8	0	0	0.2	8.3	20.5	1.4	0	2.5	8.4	35.9	0.1	0.1	0.9	9.4	6.5	0	0	0	10.9	39.3	0.2	0.1	1.2	13.4	52.6	1.9	0.4	3.9	12.9	49	1.7	0.2	3.4	7.1
37891	23.6	0	0	0.8	12	30.1	1	0	2.4	7.6	13.2	0	0	0	14.3	6.9	0	0	0	18.3	8.5	0	0	0	12.4	34	1	0	0.9	20	8.5	0.4	0	0.3	5.1
37892	47	0.8	0.3	1.8	8.6	43.3	1.2	0.2	3.3	10.4	35	0	0	0.8	9.6	7.1	0	0	0	16.1	3.6	0	0	0	18.2	33.1	1	0	1.3	7.4	42	1	0.1	2.4	6.3
37893	55.4	0.8	0.5	1.9	10.6	45.8	1.8	0.3	3.2	7	30.3	0	0	0	13.1	20.1	0	0	0	17.8	18.7	0	0	0.3	3.3	21.8	0	0	0	7.3	49.3	1.1	0.2	2.5	4.9
37894	37.3	0	0	0.1	18	52.6	1.8	0.5	4.2	14.1	25.1	0	0	0	11	33.7	0	0	0	16.9	14.5	0	0	0.2	8.4	27.1	0	0	0.6	13.6	40.3	1.1	0.4	1.5	9.5
